Date,GRADE,GPS,ABBV,MA 5,MA 10,MA 20,MA 50,MA 100,MA 200
2013-01-02,,,21.629180908203125,,,,,,
2013-01-03,,,21.450578689575195,,,,,,
2013-01-04,,,21.179595947265625,,,,,,
2013-01-07,,,21.222705841064453,,,,,,
2013-01-08,,,20.760805130004883,21.248573303222656,,,,,
2013-01-09,,,20.877824783325195,21.09830207824707,,,,,
2013-01-10,,,20.93941116333008,20.99606857299805,,,,,
2013-01-11,,,21.09520530700684,20.97919044494629,,,,,
2013-01-14,,,21.244773864746094,20.98360404968262,,,,,
2013-01-15,,,21.562604904174805,21.1439640045166,21.19626865386963,,,,
2013-01-16,,,22.148408889770508,21.398080825805664,21.24819145202637,,,,
2013-01-17,,,22.696821212768555,21.74956283569336,21.372815704345705,,,,
2013-01-18,,,23.257692337036133,22.18206024169922,21.580625343322755,,,,
2013-01-21,,,23.257692337036133,22.584643936157228,21.784123992919923,,,,
2013-01-22,,,22.696821212768555,22.811487197875977,21.97772560119629,,,,
2013-01-23,,,23.556835174560547,23.093172454833983,22.245626640319824,,,,
2013-01-24,,,23.344947814941406,23.222797775268553,22.486180305480957,,,,
2013-01-25,,,23.43219947814941,23.25769920349121,22.719879722595216,,,,
2013-01-28,,,22.989730834960938,23.204106903076173,22.8943754196167,,,,
2013-01-29,,,23.251466751098636,23.315036010742187,23.063261604309083,22.129765129089357,,,
2013-01-30,,,23.0146541595459,23.20659980773926,23.14988613128662,22.199038791656495,,,
2013-01-31,,,22.86508560180664,23.110627365112304,23.16671257019043,22.269764137268066,,,
2013-02-01,,,23.17045021057129,23.05827751159668,23.157988357543946,22.36930685043335,,,
2013-02-04,,,23.23277473449707,23.106886291503905,23.15549659729004,22.46981029510498,,,
2013-02-05,,,23.18292617797852,23.093178176879885,23.204107093811036,22.59091634750366,,,
2013-02-06,,,23.14552116394043,23.11935157775879,23.162975692749022,22.704301166534425,,,
2013-02-07,,,22.696821212768555,23.085698699951173,23.098163032531737,22.792171669006347,,,
2013-02-08,,,22.590879440307617,22.969784545898438,23.01403102874756,22.866955375671388,,,
2013-02-11,,,22.341602325439453,22.791550064086913,22.94921817779541,22.921796798706055,,,
2013-02-12,,,22.07362365722656,22.569689559936524,22.831433868408205,22.947347736358644,,,
2013-02-13,,,21.98014640808105,22.336614608764645,22.72798309326172,22.93893461227417,,,
2013-02-14,,,22.79030036926269,22.355310440063473,22.720504570007325,22.943608570098878,,,
2013-02-15,,,23.41972923278809,22.52108039855957,22.745432472229005,22.951710414886474,,,
2013-02-18,,,23.41972923278809,22.736705780029297,22.764127922058105,22.959812259674074,,,
2013-02-19,,,23.79987525939941,23.081956100463863,22.825822830200195,23.014964962005614,,,
2013-02-20,,,24.06163215637207,23.49825325012207,22.91743392944336,23.040204811096192,,,
2013-02-21,,,24.167570114135746,23.77370719909668,23.064508819580077,23.081335926055907,,,
2013-02-22,,,23.968149185180664,23.883391189575196,23.202235794067384,23.108133411407472,,,
2013-02-25,,,23.28886604309082,23.857218551635743,23.296962165832518,23.123090171813963,,,
2013-02-26,,,23.114370346069336,23.720117568969727,23.4010368347168,23.1162353515625,,,
2013-02-27,,,22.890005111694336,23.48579216003418,23.492022705078124,23.11000289916992,,,
2013-02-28,,,23.0084228515625,23.25396270751953,23.513834953308105,23.117169761657713,,,
2013-03-01,,,23.563066482543945,23.172946166992187,23.52816867828369,23.13680057525635,,,
2013-03-04,,,23.831043243408203,23.281381607055664,23.5693000793457,23.166714000701905,,,
2013-03-05,,,23.376110076904297,23.333729553222657,23.52692356109619,23.176373195648193,,,
2013-03-06,,,23.51944351196289,23.45961723327637,23.472704696655274,23.195069313049316,,,
2013-03-07,,,23.363643646240234,23.530661392211915,23.392312049865723,23.2284104347229,,,
2013-03-08,,,23.270166397094727,23.47208137512207,23.322513771057128,23.262374782562254,,,
2013-03-11,,,23.475818634033203,23.40103645324707,23.34120903015137,23.319085597991943,,,
2013-03-12,,,23.16421890258789,23.358658218383788,23.346193885803224,23.37361536026001,22.767638969421387,,
2013-03-13,,,23.16421890258789,23.287613296508788,23.373615264892578,23.432818984985353,22.79833972930908,,
2013-03-14,,,23.407270431518555,23.296338653564455,23.413500022888183,23.463667488098146,22.83747356414795,,
2013-03-15,,,23.993072509765625,23.440919876098633,23.456500625610353,23.492334651947022,22.893743095397948,,
2013-03-18,,,23.78118896484375,23.501993942260743,23.451515197753906,23.510407638549804,22.944912757873535,,
2013-03-19,,,23.90581703186035,23.650313568115234,23.504485893249512,23.515704727172853,23.007812995910644,,
2013-03-20,,,24.34205818176269,23.885881423950195,23.58674736022949,23.529726028442383,23.077097663879396,,
2013-03-21,,,23.98684310913086,24.001795959472656,23.649067306518553,23.520689678192138,23.13804630279541,,
2013-03-22,,,24.28597450256348,24.060376358032226,23.75064811706543,23.536580944061278,23.201861686706543,,
2013-03-25,,,24.504091262817383,24.204956817626954,23.85347537994385,23.597342205047607,23.26704803466797,,
2013-03-26,,,25.05872917175293,24.43553924560547,24.042926406860353,23.69456014633179,23.33697052001953,,
2013-03-27,,,25.02134704589844,24.57139701843262,24.228639221191408,23.801127243041993,23.394429283142088,,
2013-03-28,,,25.41396713256836,24.85682182312012,24.429308891296387,23.921404457092287,23.448772201538088,,
2013-03-29,,,25.41396713256836,25.082420349121094,24.57139835357666,24.013949489593507,23.49189769744873,,
2013-04-01,,,25.625843048095703,25.306770706176756,24.755863761901857,24.10368947982788,23.53926071166992,,
2013-04-02,,,25.370336532592773,25.369092178344726,24.9023157119751,24.203400802612304,23.592731018066406,,
2013-04-03,,,25.2830810546875,25.42143898010254,24.996417999267578,24.291582679748537,23.627255935668945,,
2013-04-04,,,25.92498588562012,25.52364273071289,25.190232276916504,24.41964979171753,23.67885669708252,,
2013-04-05,,,25.744253158569336,25.589699935913085,25.33606014251709,24.54335412979126,23.72509777069092,,
2013-04-08,,,26.03092193603516,25.670715713500975,25.48874320983887,24.67110929489136,23.785921592712402,,
2013-04-09,,,26.517019271850582,25.90005226135254,25.634572219848632,24.83874931335449,23.851232643127442,,
2013-04-10,,,27.1838436126709,26.28020477294922,25.850821876525877,25.039730548858643,23.93461643218994,,
2013-04-11,,,27.1712646484375,26.529460525512697,26.02655162811279,25.22793025970459,24.02074001312256,,
2013-04-12,,,27.10208511352539,26.801026916503908,26.195363426208495,25.383380889892578,24.09937271118164,,
2013-04-15,,,26.064281463623047,26.807698822021486,26.23920726776123,25.497535514831544,24.15600284576416,,
2013-04-16,,,26.699541091918945,26.844203186035156,26.372127723693847,25.63722171783447,24.22633514404297,,
2013-04-17,,,26.56745719909668,26.720925903320314,26.500565338134766,25.74849166870117,24.294773864746094,,
2013-04-18,,,26.61777114868164,26.610227203369142,26.56984386444092,25.88003807067871,24.373192863464354,,
2013-04-19,,,26.66179847717285,26.522169876098634,26.66159839630127,25.99882926940918,24.45461124420166,,
2013-04-22,,,27.80023193359375,26.869359970092773,26.83852939605713,26.163636302948,24.563783836364745,,
2013-04-23,,,28.391454696655277,27.20774269104004,27.0259729385376,26.330272579193114,24.69014045715332,,
2013-04-24,,,27.875694274902344,27.46939010620117,27.09515800476074,26.47298994064331,24.808051414489746,,
2013-04-25,,,27.82538414001465,27.710912704467773,27.160569953918458,26.593560791015626,24.908753089904785,,
2013-04-26,,,28.831729888916016,28.144898986816408,27.33353443145752,26.76444892883301,25.016993103027342,,
2013-04-29,,,28.44806480407715,28.274465560913086,27.57191276550293,26.90556001663208,25.117559814453124,,
2013-04-30,,,28.963808059692383,28.388936233520507,27.798339462280275,27.08523359298706,25.220838470458986,,
2013-05-01,,,28.649322509765625,28.543661880493165,28.006525993347168,27.253545665740965,25.312592277526857,,
2013-05-02,,,27.66814422607422,28.512213897705077,28.111563301086427,27.340703582763673,25.382603759765626,,
2013-05-03,,,28.102123260498047,28.366292572021486,28.255595779418947,27.458597087860106,25.465283241271973,,
2013-05-06,,,28.04551887512207,28.28578338623047,28.280124473571778,27.559326934814454,25.560416297912596,,
2013-05-07,,,28.246788024902344,28.142379379272462,28.265657806396483,27.64581537246704,25.663064651489258,,
2013-05-08,,,27.353666305541992,27.883248138427735,28.21345500946045,27.654306507110597,25.752337875366212,,
2013-05-09,,,27.82538414001465,27.91469612121582,28.21345500946045,27.687012481689454,25.848677101135255,,
2013-05-10,,,28.3096866607666,27.956208801269533,28.16125068664551,27.747392559051512,25.943609504699708,,
2013-05-13,,,28.01407241821289,27.949919509887696,28.11785144805908,27.844882106781007,26.027270088195802,,
2013-05-14,,,28.523536682128903,28.005269241333007,28.073824310302733,27.936081886291504,26.130218620300294,,
2013-05-15,,,28.951231002807617,28.324782180786134,28.104015159606934,28.05527057647705,26.23885437011719,,
2013-05-16,,,29.064437866210938,28.57259292602539,28.243644523620606,28.177603912353515,26.352870254516603,,
2013-05-17,,,29.66824722290039,28.84430503845215,28.40025691986084,28.327926349639892,26.480831871032716,,
2013-05-20,,,29.095897674560547,29.06067008972168,28.505294799804688,28.39270963668823,26.59323345184326,,
2013-05-21,,,29.272003173828125,29.210363388061523,28.607816314697267,28.436737060546875,26.715389137268065,24.741514053344726,
2013-05-22,,,29.410377502441406,29.30219268798828,28.813487434387206,28.51347122192383,26.840312309265137,24.81932601928711,
2013-05-23,,,29.303443908691406,29.349993896484374,28.961293411254882,28.587374210357666,26.958235778808593,24.89785467147827,
2013-05-24,,,28.580141067504883,29.132372665405274,28.98833885192871,28.57479476928711,27.04997714996338,24.971860122680663,
2013-05-27,,,28.580141067504883,29.02922134399414,29.04494571685791,28.581398582458498,27.1459561920166,25.04543447494507,
2013-05-28,,,28.54869270324707,28.88455924987793,29.047461318969727,28.560642814636232,27.238813705444336,25.123313350677492,
2013-05-29,,,27.59894371032715,28.522272491455077,28.91223258972168,28.508123874664307,27.303951416015625,25.19052453994751,
2013-05-30,,,28.020357131958008,28.2656551361084,28.807824516296385,28.525734519958498,27.384621696472166,25.261333999633788,
2013-05-31,,,26.85048484802246,27.919723892211913,28.526048278808595,28.463152599334716,27.43591190338135,25.318886795043944,
2013-06-03,,,27.27189445495605,27.658074569702148,28.343647956848145,28.424471378326416,27.491267967224122,25.379158000946045,
2013-06-04,,,27.441713333129883,27.43667869567871,28.16061897277832,28.38421764373779,27.53892765045166,25.437949085235594,
2013-06-05,,,27.07062339782715,27.33101463317871,27.926643562316894,28.37006549835205,27.579913177490234,25.48717123031616,
2013-06-06,,,27.359952926635746,27.198933792114257,27.732294464111327,28.346793937683106,27.618832893371582,25.533802547454833,
2013-06-07,,,27.67442512512207,27.36372184753418,27.641722869873046,28.31503086090088,27.664042053222655,25.577969875335693,
2013-06-10,,,27.62410545349121,27.43416404724121,27.54611930847168,28.295532512664796,27.704007301330567,25.621634006500244,
2013-06-11,,,27.416549682617188,27.429131317138673,27.432905006408692,28.24018316268921,27.744931564331054,25.66883129119873,
2013-06-12,,,26.900808334350582,27.39516830444336,27.363091468811035,28.13766202926636,27.777286109924315,25.70227102279663,
2013-06-13,,,27.139816284179688,27.35114097595215,27.275037384033205,28.041430950164795,27.801582717895506,25.740219707489015,
2013-06-14,,,27.177553176879883,27.25176658630371,27.307744216918945,27.916896247863768,27.830248718261718,25.77767324447632,
2013-06-17,,,27.0517578125,27.137297058105467,27.28573055267334,27.814689254760744,27.850665435791015,25.81829351425171,
2013-06-18,,,27.385103225708008,27.131007766723634,27.28006954193115,27.720344257354736,27.868027114868163,25.859629878997804,
2013-06-19,,,27.07062339782715,27.164970779418944,27.28006954193115,27.603356552124023,27.86576271057129,25.900189571380615,
2013-06-20,,,25.82527732849121,26.90206298828125,27.1266019821167,27.429448223114015,27.838842964172365,25.92979148864746,
2013-06-21,,,26.806468963623047,26.827846145629884,27.039806365966797,27.340764617919923,27.832930641174315,25.96615167617798,
2013-06-24,,,26.34731674194336,26.686957931518556,26.91212749481201,27.229123401641846,27.838591346740724,25.997297096252442,
2013-06-25,,,26.8127555847168,26.572488403320314,26.851748085021974,27.14232654571533,27.84085563659668,26.033595390319825,
2013-06-26,,,27.28447723388672,26.615259170532227,26.890114974975585,27.126603221893312,27.85519603729248,26.07498495101929,
2013-06-27,,,27.12722587585449,26.87564888000488,26.888855934143066,27.081946659088135,27.865385131835936,26.119288997650145,
2013-06-28,,,26.001388549804688,26.71463279724121,26.771239471435546,27.039491844177245,27.852176933288575,26.153394088745117,
2013-07-01,,,26.17121124267578,26.679411697387696,26.683184814453124,26.98445768356323,27.819596519470213,26.19169017791748,
2013-07-02,,,26.548582077026367,26.62657699584961,26.599532699584962,26.939801120758055,27.782739067077635,26.236439762115477,
2013-07-03,,,26.561168670654297,26.481915283203126,26.548587226867674,26.914328384399415,27.756448554992676,26.28224998474121,
2013-07-04,,,26.561168670654297,26.368703842163086,26.622176361083984,26.874389171600342,27.73116424560547,26.319958667755127,
2013-07-05,,,26.869359970092773,26.542298126220704,26.628465461730958,26.834135913848876,27.691916847229002,26.354454975128174,
2013-07-08,,,27.473169326782227,26.80268974304199,26.741050720214844,26.826589107513428,27.672418937683105,26.394989376068114,
2013-07-09,,,27.246740341186523,26.942321395874025,26.784449195861818,26.818098640441896,27.638077583312988,26.429458026885985,
2013-07-10,,,27.61781883239746,27.153651428222656,26.81778335571289,26.85394916534424,27.617447509765626,26.46501989364624,
2013-07-11,,,27.78921127319336,27.399259948730467,26.883981895446777,26.886418914794923,27.61986885070801,26.501236305236816,
2013-07-12,,,28.595333099365234,27.74445457458496,27.143376350402832,26.95730791091919,27.629733047485352,26.54750814437866,
2013-07-15,,,28.322399139404297,27.914300537109376,27.358495140075682,27.020839977264405,27.635270652770995,26.597843475341797,
2013-07-16,,,27.80825424194336,28.026603317260744,27.484462356567384,27.041997528076173,27.626499977111816,26.64478231430054,
2013-07-17,,,27.903467178344727,28.083732986450194,27.618692207336426,27.083639717102052,27.63749599456787,26.69491693496704,
2013-07-18,,,28.131969451904297,28.152284622192383,27.775772285461425,27.198974323272704,27.643627700805663,26.74615240097046,
2013-07-19,,,28.25891876220703,28.085001754760743,27.91472816467285,27.271596813201903,27.64261234283447,26.793110923767088,
2013-07-22,,,28.544553756713867,28.129432678222656,28.021866607666016,27.38145866394043,27.65322196960449,26.840246028900147,
2013-07-23,,,28.125627517700195,28.192907333374023,28.109755325317384,27.4471022605896,27.64526378631592,26.887741203308106,
2013-07-24,,,27.70033264160156,28.152280426025392,28.118006706237793,27.467895030975342,27.620245819091796,26.929550094604494,
2013-07-25,,,28.081199645996094,28.14212646484375,28.147205543518066,27.51559371948242,27.6005810546875,26.97672565460205,
2013-07-26,,,28.430299758911133,28.17640266418457,28.130702209472656,27.637039279937746,27.575822105407713,27.028326988220215,
2013-07-29,,,28.60168838500977,28.18782958984375,28.158631134033204,27.758563137054445,27.5659379196167,27.07958568572998,
2013-07-30,,,28.37317657470703,28.237339401245116,28.21512336730957,27.849792861938475,27.547961387634277,27.13167526245117,
2013-07-31,,,28.86826705932617,28.47092628479004,28.311603355407716,27.96514778137207,27.537119178771974,27.188715744018555,
2013-08-01,,,28.722280502319336,28.599142456054686,28.370634460449217,28.073203372955323,27.52549591064453,27.24186584472656,
2013-08-02,,,28.76671600341797,28.666425704956055,28.421414184570313,28.16807117462158,27.529227409362793,27.289602279663086,
2013-08-05,,,28.37952423095703,28.62199287414551,28.404911231994628,28.213388919830322,27.525215072631838,27.335585632324218,
2013-08-06,,,28.48743438720703,28.644844436645506,28.44109191894531,28.27542362213135,27.523989906311034,27.381401805877687,
2013-08-07,,,28.290666580200195,28.529324340820313,28.500125312805174,28.309066009521484,27.537824363708495,27.420887889862062,
2013-08-08,,,28.60168838500977,28.5052059173584,28.552174186706544,28.349689865112303,27.549450988769532,27.46703634262085,
2013-08-09,,,28.37952423095703,28.42776756286621,28.54709663391113,28.338899421691895,27.58003177642822,27.507971839904783,
2013-08-12,,,28.5889892578125,28.469660568237305,28.545826721191407,28.352228927612305,27.60637367248535,27.548820819854736,
2013-08-13,,,28.51917266845703,28.476008224487305,28.560426330566408,28.387774848937987,27.627922859191894,27.583425254821776,
2013-08-14,,,28.297008514404297,28.477276611328126,28.50330047607422,28.407451915740968,27.652450561523438,27.616181869506836,
2013-08-15,,,27.42740631103516,28.242420196533203,28.3738130569458,28.37222375869751,27.653799629211427,27.636316261291505,
2013-08-16,,,27.294103622436523,28.025336074829102,28.226551818847657,28.323983001708985,27.646193199157715,27.655117626190187,
2013-08-19,,,27.528959274291992,27.813330078125,28.141495323181154,28.27320327758789,27.64429027557373,27.674148788452147,
2013-08-20,,,27.275066375732425,27.564508819580077,28.020258522033693,28.230675220489502,27.641460609436034,27.693196086883546,
2013-08-21,,,26.856128692626957,27.27633285522461,27.876804733276366,28.18846502304077,27.640567016601562,27.70892656326294,
2013-08-22,,,27.243322372436523,27.239516067504884,27.74096813201904,28.146571159362793,27.6426371383667,27.722109928131104,
2013-08-23,,,27.567041397094727,27.294103622436523,27.65971984863281,28.10340824127197,27.650426902770995,27.74033781051636,
2013-08-26,,,27.57973861694336,27.304259490966796,27.5587947845459,28.052310752868653,27.660986518859865,27.75582597732544,
2013-08-27,,,27.05924415588379,27.26109504699707,27.412801933288574,27.98661413192749,27.65446933746338,27.761248226165772,
2013-08-28,,,27.01481437683105,27.29283218383789,27.28458251953125,27.893941497802736,27.65335315704346,27.759557933807372,
2013-08-29,,,27.05290985107422,27.25474967956543,27.247132873535158,27.81047296524048,27.67790580749512,27.75837438583374,
2013-08-30,,,27.04655647277832,27.15065269470215,27.222378158569335,27.724464988708498,27.682707557678224,27.75781909942627,
2013-09-02,,,27.04655647277832,27.04401626586914,27.17413787841797,27.65781660079956,27.69669235229492,27.767641849517823,
2013-09-03,,,27.033859252929688,27.03893928527832,27.150017166137694,27.585137844085693,27.70111442565918,27.77098503112793,
2013-09-04,,,27.37662124633789,27.111300659179687,27.20206642150879,27.539435577392577,27.702957305908203,27.779076671600343,
2013-09-05,,,27.61781883239746,27.224282455444335,27.239516067504884,27.490242099761964,27.712769165039063,27.7890771484375,
2013-09-06,,,27.85903549194336,27.386778259277342,27.268715476989748,27.46421766281128,27.749922103881836,27.801049518585206,
2013-09-09,,,28.20178985595703,27.617824935913085,27.330920600891112,27.444857692718507,27.79053367614746,27.80506509780884,
2013-09-10,,,28.423952102661133,27.895843505859375,27.467391395568846,27.44009666442871,27.828041076660156,27.805390071868896,
2013-09-11,,,28.531862258911133,28.126891708374025,27.619096183776854,27.45183935165405,27.867454948425294,27.811951751708985,
2013-09-12,,,28.37317657470703,28.27796325683594,27.751122856140135,27.499127864837646,27.903695106506348,27.81742967605591,
2013-09-13,,,28.49378204345703,28.404912567138673,27.895845413208008,27.55911178588867,27.936183547973634,27.81405019760132,
2013-09-16,,,29.084081649780277,28.58137092590332,28.099597930908203,27.636867904663085,27.968401794433593,27.82041036605835,
2013-09-17,,,30.213943481445312,28.939369201660156,28.417606353759766,27.78381175994873,28.02774585723877,27.832911720275877,
2013-09-18,,,30.417055130004883,29.316407775878908,28.721649742126466,27.961858081817628,28.083730583190917,27.850589046478273,
2013-09-19,,,30.08698844909668,29.659170150756836,28.968566703796387,28.104041385650635,28.129686126708986,27.874777488708496,
2013-09-20,,,30.366291046142575,30.033671951293947,29.21929225921631,28.24400386810303,28.165105285644533,27.89741916656494,
2013-09-23,,,29.89656639099121,30.196168899536133,29.388769912719727,28.35984525680542,28.19658863067627,27.915929641723633,
2013-09-24,,,29.18564987182617,29.990510177612304,29.464939689636232,28.46616554260254,28.224136543273925,27.92531826019287,
2013-09-25,,,28.773069381713867,29.6617130279541,29.489060401916504,28.55407829284668,28.241528587341307,27.93951229095459,
2013-09-26,,,28.563596725463867,29.35703468322754,29.508102416992188,28.62961263656616,28.2501611328125,27.946894416809084,
2013-09-27,,,28.138317108154297,28.911439895629883,29.472555923461915,28.68420066833496,28.247749099731447,27.94518072128296,
2013-09-30,,,28.392208099365234,28.610568237304687,29.40336856842041,28.751483249664307,28.244702186584473,27.948962078094482,
2013-10-01,,,29.071399688720703,28.587718200683593,29.28911418914795,28.85336027145386,28.263617630004884,27.9544407081604,
2013-10-02,,,29.166608810424805,28.66642608642578,29.16406955718994,28.942859649658203,28.292943153381348,27.956594486236572,
2013-10-03,,,29.204683303833008,28.79464340209961,29.075839042663574,29.02220287322998,28.315412826538086,27.957996940612794,
2013-10-04,,,29.70614242553711,29.108208465576173,29.009824180603026,29.114558219909668,28.340929679870605,27.95837589263916,
2013-10-07,,,29.25547790527344,29.280862426757814,28.94571533203125,29.16724262237549,28.35400547027588,27.95997169494629,
2013-10-08,,,28.25891876220703,29.118366241455078,28.853042221069337,29.158990955352785,28.35172031402588,27.94984085083008,26.3456774520874
2013-10-09,,,28.44299697875977,28.97364387512207,28.820034980773926,29.154547691345215,28.343214912414552,27.940167045593263,26.379746532440187
2013-10-10,,,29.25637626647949,28.983982467651366,28.889312934875488,29.19870767593384,28.353896827697753,27.93969636917114,26.418775520324708
2013-10-11,,,29.237165451049805,28.890187072753907,28.99919776916504,29.235876846313477,28.363305816650392,27.946266613006593,26.459063367843626
2013-10-14,,,29.672685623168945,28.97362861633301,29.12724552154541,29.26530704498291,28.38916904449463,27.957192058563233,26.50131326675415
2013-10-15,46.18042730142702,A,29.512571334838867,29.224359130859376,29.171362686157227,29.230238437652588,28.409671783447266,27.96683084487915,26.54507209777832
2013-10-16,47.00350472922127,A,30.14021873474121,29.563803482055665,29.268723678588866,29.216396617889405,28.446662826538088,27.99224359512329,26.5913840675354
2013-10-17,47.60379276619316,A,30.851146697998047,29.882757568359374,29.43337001800537,29.254604530334472,28.491651992797852,28.020551490783692,26.64094274520874
2013-10-18,48.24172487495577,A,30.953615188598636,30.22604751586914,29.558117294311522,29.283970737457274,28.543133811950682,28.06158279418945,26.6902347946167
2013-10-21,48.6641628304661,A,30.96641731262207,30.484793853759765,29.729211235046385,29.337463283538817,28.590682373046874,28.098528022766114,26.73884301185608
2013-10-22,49.51646904003664,A,31.382715225219727,30.858822631835938,30.041590881347656,29.447316551208495,28.647953224182128,28.13793804168701,26.787943563461305
2013-10-23,49.824316426287005,A,30.953615188598636,31.02150192260742,30.292652702331544,29.556343841552735,28.701085357666017,28.176767959594727,26.831969594955446
2013-10-24,49.66949493547156,A,30.69742584228516,30.990757751464844,30.43675765991211,29.663035297393797,28.766485748291014,28.21014268875122,26.871972618103026
2013-10-25,49.87336018964214,A,31.57486915588379,31.115008544921874,30.67052803039551,29.834862899780273,28.85210105895996,28.249147129058837,26.913558502197265
2013-10-28,50.04316354603106,A,31.65171813964844,31.252068710327155,30.868431282043456,29.997838401794432,28.93455623626709,28.28942325592041,26.955528631210328
2013-10-29,49.91895475113424,A,31.888702392578125,31.353266143798834,31.106044387817384,30.138703536987304,29.026828956604003,28.33414478302002,27.001488037109375
2013-10-30,49.769852707142945,A,31.25463104248047,31.413469314575195,31.217485618591308,30.243104648590087,29.114799003601075,28.377683010101318,27.039977016448976
2013-10-31,49.72431282461872,A,31.03046226501465,31.480076599121094,31.23541717529297,30.33439359664917,29.190541801452635,28.416589469909667,27.078404588699343
2013-11-01,49.242385673835464,A,31.357105255126957,31.436523818969725,31.2757661819458,30.416941738128664,29.266343078613282,28.45838499069214,27.11802911758423
2013-11-04,48.788720254962435,A,31.2290096282959,31.35198211669922,31.302025413513185,30.515618324279785,29.33932849884033,28.500157508850098,27.159225511550904
2013-11-05,48.111061483668436,A,30.851146697998047,31.144470977783204,31.248868560791017,30.645229721069335,29.415166549682617,28.534817943573,27.197223911285402
2013-11-06,47.82957924433956,A,30.7742919921875,31.048403167724608,31.2309362411499,30.76179447174072,29.490356101989747,28.5718546295166,27.236022100448608
2013-11-07,47.52833481548933,P,30.255516052246094,30.893413925170897,31.186745262145998,30.811751461029054,29.554408226013184,28.61615701675415,27.272974252700806
2013-11-08,47.31535854614582,P,30.761476516723636,30.774288177490234,31.10540599822998,30.887967014312743,29.62870662689209,28.655707092285155,27.310929384231567
2013-11-11,47.266118302991806,P,31.10732650756836,30.749951553344726,31.050966835021974,30.959699058532713,29.70992202758789,28.703307189941405,27.350302143096926
2013-11-12,47.0891294877221,P,30.409217834472656,30.66156578063965,30.903018379211424,31.004531383514404,29.77742919921875,28.739271812438965,27.386433601379395
2013-11-13,46.90148796388949,P,30.64618492126465,30.635944366455078,30.842173767089843,31.029829692840575,29.842820472717285,28.772888889312743,27.423936920166014
2013-11-14,47.00439053774766,P,30.767879486083984,30.738417053222655,30.815915489196776,31.025666332244874,29.905821685791015,28.80929542541504,27.464292211532594
2013-11-15,47.108382253728166,A,31.0240535736084,30.79093246459961,30.78261032104492,31.029188251495363,29.969122047424317,28.859522075653075,27.506458082199096
2013-11-18,47.13494707326956,A,31.299470901489254,30.829361343383788,30.78965644836426,31.04584093093872,30.03107566833496,28.910804672241213,27.551247425079346
2013-11-19,47.42126309364079,A,31.0368709564209,30.954891967773438,30.80822887420654,31.02854871749878,30.083334045410155,28.955687561035155,27.596063661575318
2013-11-20,47.46773133103312,P,30.71023941040039,30.967702865600586,30.801823616027832,31.01637992858887,30.126901588439942,28.997178268432616,27.639714126586913
2013-11-21,47.62129975232627,A,31.10732650756836,31.03559226989746,30.88700466156006,31.036874961853027,30.181584587097166,29.04263984680176,27.681299257278443
2013-11-22,47.639016735259965,A,31.34429168701172,31.099639892578125,30.945286178588866,31.025346088409425,30.238594779968263,29.087389163970947,27.72092206954956
2013-11-25,47.292272102926624,A,31.00485038757324,31.040715789794923,30.935038566589355,30.993002700805665,30.27701015472412,29.122705974578857,27.758847675323487
2013-11-26,47.05747747025405,A,31.12653923034668,31.058649444580077,31.00677070617676,30.954894542694092,30.295262069702147,29.16150396347046,27.795480995178224
2013-11-27,46.89695295790151,A,30.90237045288086,31.09707565307617,31.03238925933838,30.93728151321411,30.304968376159668,29.194349479675292,27.829684686660766
2013-11-28,46.47953956310067,A,30.90237045288086,31.056084442138673,31.045838356018066,30.93087692260742,30.321276016235352,29.225481071472167,27.86335868835449
2013-11-29,46.085907530290235,P,31.03046226501465,30.993318557739258,31.04647922515869,30.914544773101806,30.334559440612793,29.24983236312866,27.89867025375366
2013-12-02,46.05883557133129,P,30.992036819458008,30.99075584411621,31.015735816955566,30.902696132659912,30.35646884918213,29.276528739929198,27.937186107635497
2013-12-03,46.51984357613819,A,32.00397872924805,31.166243743896484,31.112446594238282,30.960337734222414,30.412835426330567,29.318485984802248,27.981634149551393
2013-12-04,47.059606924907136,A,31.811830520629883,31.34813575744629,31.22260570526123,31.01221466064453,30.47361064910889,29.3575696182251,28.02624327659607
2013-12-05,47.66592359255784,A,31.869478225708008,31.54155731201172,31.298820877075194,31.09291276931763,30.53972827911377,29.394944705963134,28.070548553466796
2013-12-06,48.71759378355356,A,32.88780975341797,31.913026809692383,31.45317268371582,31.199229431152343,30.634718132019042,29.441233615875245,28.117172269821168
2013-12-09,49.6301056557399,A,32.798152923583984,32.27425003051758,31.632502937316893,31.283770751953124,30.722837028503417,29.483769607543945,28.162007818222047
2013-12-10,50.14711671770354,A,33.393775939941406,32.55220947265625,31.859226608276366,31.432998657226562,30.80928455352783,29.536451091766356,28.21209614753723
2013-12-11,50.846716785613644,A,33.73321914672852,32.93648719787598,32.14231147766113,31.587350368499756,30.900616760253907,29.596779956817628,28.26316502571106
2013-12-12,51.4122891661737,A,33.55390930175781,33.273373413085935,32.40746536254883,31.726651859283447,30.987601280212402,29.651507053375244,28.31411635398865
2013-12-13,51.3819870849992,A,33.54108428955078,33.4040283203125,32.658527565002444,31.852503395080568,31.064300117492675,29.70261489868164,28.365470943450926
2013-12-16,51.71070317367458,A,34.18153762817383,33.68070526123047,32.977477645874025,31.996606731414794,31.162821311950683,29.75841339111328,28.41899953842163
2013-12-17,51.85499214411576,A,34.34806823730469,33.87156372070312,33.21188659667969,32.162166595458984,31.284604301452635,29.818162307739257,28.474918785095216
2013-12-18,51.973907765394635,A,34.78999328613281,34.08291854858398,33.50970287322998,32.36615428924561,31.411544227600096,29.877379570007324,28.53304765701294
2013-12-19,51.653239595395775,A,33.707618713378906,34.113660430908205,33.69351692199707,32.49616889953613,31.500569076538085,29.92723295211792,28.58454939842224
2013-12-20,51.39533028703065,A,33.681976318359375,34.14183883666992,33.77293357849121,32.61305313110351,31.589465293884277,29.976385555267335,28.63299391746521
2013-12-23,50.787312471834774,A,33.67559051513672,34.0406494140625,33.860677337646486,32.74659013748169,31.669523391723633,30.02934621810913,28.682465925216675
2013-12-24,50.035072487510234,A,33.534690856933594,33.87797393798828,33.874768829345705,32.866997718811035,31.74996578216553,30.079818782806395,28.730610294342043
2013-12-25,48.994281773299406,A,33.534690856933594,33.626913452148436,33.85491600036621,32.99861373901367,31.817855224609374,30.13225902557373,28.776573457717895
2013-12-26,48.8178672063007,A,33.93817138671875,33.6730239868164,33.89334220886231,33.150403785705564,31.87959571838379,30.18562385559082,28.826330099105835
2013-12-27,48.6564172326089,A,33.6563720703125,33.667903137207034,33.90487098693848,33.28169927597046,31.933650856018065,30.238392333984375,28.87318208694458
2013-12-30,48.60431047232234,A,33.950984954833984,33.722982025146486,33.88181571960449,33.42964668273926,31.993342208862305,30.292012290954588,28.920416555404664
2013-12-31,48.534971691910904,P,33.82289123535156,33.78062210083008,33.82929801940918,33.520592308044435,32.04214572906494,30.345049476623537,28.964237365722656
2014-01-01,48.59090385055882,A,33.82289123535156,33.83826217651367,33.732587814331055,33.62114534378052,32.09953125,30.400308303833008,29.008245086669923
2014-01-02,48.177429051165525,A,33.29131317138672,33.70889053344727,33.69095726013184,33.692237091064456,32.151408996582035,30.458947372436523,29.047631816864012
2014-01-03,47.91867548950062,A,33.49625015258789,33.676866149902345,33.672384643554686,33.72265911102295,32.18983661651611,30.52096883773804,29.08804323196411
2014-01-06,46.99438198306049,P,32.27297592163086,33.34126434326172,33.5321231842041,33.696400260925294,32.202261772155765,30.568409004211425,29.121278896331788
2014-01-07,46.26836129123627,P,32.337013244628906,33.044088745117186,33.41235542297363,33.643562126159665,32.21122798919678,30.61902847290039,29.156112279891968
2014-01-08,45.52986059297596,P,32.25375747680664,32.730261993408206,33.284262084960936,33.56958904266357,32.2312105178833,30.673004760742188,29.190965662002565
2014-01-09,45.21436089247528,P,32.80455780029297,32.632910919189456,33.17090072631836,33.53212146759033,32.26669242858887,30.728617115020754,29.22536352157593
2014-01-10,44.76860597096401,P,32.5996208190918,32.45358505249023,33.06522560119629,33.48504829406738,32.29154273986816,30.778942909240723,29.25964035987854
2014-01-13,44.82299190275751,P,32.1671028137207,32.432410430908206,32.88683738708496,33.38432655334473,32.31030460357666,30.824816551208496,29.290321264266968
2014-01-14,45.09518640850509,P,32.66416549682617,32.497840881347656,32.770964813232425,33.3001314163208,32.34656497955322,30.88086576461792,29.321056995391846
2014-01-15,45.189489429491196,P,32.34784698486328,32.516658782958984,32.623460388183595,33.17802410125732,32.37803607940674,30.934196090698244,29.346877012252808
2014-01-16,45.219564427939254,P,32.59961700439453,32.475670623779294,32.554290771484375,33.12262401580811,32.42491809844971,30.989663162231444,29.374018774032592
2014-01-17,45.22198121262696,P,32.315574645996094,32.418861389160156,32.4362232208252,33.05430393218994,32.456000061035155,31.042353343963622,29.400086221694945
2014-01-20,45.542460771855666,P,32.315574645996094,32.44855575561523,32.44048309326172,32.98630313873291,32.480165023803714,31.0950435256958,29.43134268760681
2014-01-21,45.55361770334167,P,32.27684020996094,32.371090698242185,32.43446578979492,32.92341060638428,32.517517471313475,31.147473335266113,29.45922918319702
2014-01-22,45.51134241611226,P,31.682950973510746,32.23811149597168,32.37738513946533,32.83082361221314,32.5382527923584,31.190536632537842,29.484806652069093
2014-01-23,45.06325914698531,P,31.54738426208496,32.02766494750976,32.25166778564453,32.71128425598145,32.55384288787842,31.229832286834718,29.509454717636107
2014-01-24,44.49870526174513,P,30.85020637512207,31.73459129333496,32.07672634124756,32.57097597122193,32.550365943908695,31.259743995666504,29.530396757125853
2014-01-27,43.393077021668596,P,30.23048591613769,31.31757354736328,31.883064651489256,32.38495101928711,32.52898624420166,31.28003095626831,29.542548027038574
2014-01-28,42.554414199679265,P,30.785648345947266,31.019335174560545,31.69521293640137,32.23308887481689,32.523961791992186,31.303647918701174,29.554518995285033
2014-01-29,42.07986806458811,P,30.734004974365234,30.829545974731445,31.533828735351562,32.078644561767575,32.52443710327148,31.32566934585571,29.56881054878235
2014-01-30,42.034878840337264,P,31.18588638305664,30.75724639892578,31.392455673217775,31.973373222351075,32.52600830078125,31.35379644393921,29.58561305999756
2014-01-31,42.572581196986576,P,31.779769897460938,30.943159103393555,31.338875198364256,31.887549209594727,32.534717864990235,31.386656322479247,29.600353260040283
2014-02-03,43.082197521604,P,30.566164016723636,31.010294723510743,31.16393413543701,31.802208614349365,32.52594413757324,31.401477146148682,29.610943756103516
2014-02-04,43.41620712997996,P,30.9534854888916,31.04386215209961,31.03159866333008,31.7330322265625,32.52248306274414,31.408872566223145,29.620892143249513
2014-02-05,43.651222167438355,P,30.81147575378418,31.0593563079834,30.944451141357423,31.660918140411376,32.52066516876221,31.41281677246094,29.631702909469606
2014-02-06,43.678918047967834,P,30.940574645996094,31.01029396057129,30.883770179748534,31.567718982696533,32.521429252624515,31.421352634429933,29.648065061569213
2014-02-07,43.63456168545681,P,31.56028938293457,30.966397857666017,30.954778480529786,31.515752410888673,32.53202579498291,31.43329261779785,29.665355892181395
2014-02-10,44.43539511807461,P,31.9863338470459,31.25043182373047,31.130363273620606,31.506713962554933,32.55191173553467,31.454190292358398,29.685059967041017
2014-02-11,45.064418413711,A,32.05735397338867,31.471205520629884,31.257533836364747,31.476373386383056,32.55297924041748,31.482907333374023,29.70411279678345
2014-02-12,46.04427103338826,A,32.638336181640625,31.83657760620117,31.447966957092284,31.490897846221923,32.5695093536377,31.52156000137329,29.730536146163942
2014-02-13,46.847063527052136,A,32.50278091430664,32.14901885986328,31.579656410217286,31.48605604171753,32.582175407409665,31.56095184326172,29.7539231300354
2014-02-14,47.33060684723904,A,32.748085021972656,32.3865779876709,31.676487922668457,31.507681560516357,32.57938091278076,31.6070495223999,29.776115121841432
2014-02-17,47.40137631075788,A,32.748085021972656,32.53892822265625,31.89468002319336,31.529307079315185,32.57837955474854,31.650608291625975,29.79978518486023
2014-02-18,47.7075600172721,A,33.219322204589844,32.771321868896486,32.121263694763186,31.57643117904663,32.5748904800415,31.692087516784667,29.823264112472533
2014-02-19,47.49909137503366,A,33.045021057128906,32.85265884399414,32.344618225097655,31.64453468322754,32.56112651824951,31.73087163925171,29.84373306274414
2014-02-20,47.66450975203852,A,33.4775390625,33.047610473632815,32.598314666748045,31.74104242324829,32.55959911346436,31.77360019683838,29.865798568725587
2014-02-21,47.57110202495709,A,32.94819641113281,33.087632751464845,32.73710536956787,31.845941925048827,32.547741355895994,31.806020736694336,29.88219831466675
2014-02-24,47.36327033674646,A,32.825538635253906,33.10312347412109,32.82102584838867,31.975694561004637,32.520621376037596,31.84172134399414,29.900846519470214
2014-02-25,46.94193646845583,A,32.74162673950195,33.00758438110351,32.889453125,32.07349348068237,32.488492546081545,31.88654842376709,29.918194637298583
2014-02-26,46.59660138697351,A,32.754539489746094,32.94948806762695,32.90107345581055,32.17452020645142,32.44778347015381,31.929663848876952,29.934915447235106
2014-02-27,46.03175362466782,A,32.86427688598633,32.82683563232422,32.93722305297852,32.2584397315979,32.43091663360596,31.965742855072023,29.952719612121584
2014-02-28,45.827590733362236,A,32.86427688598633,32.81005172729492,32.948842239379886,32.31266508102417,32.414562644958494,32.002013969421384,29.97414029121399
2014-03-03,45.52009392921676,A,32.33494567871094,32.71193313598633,32.90752830505371,32.40110416412354,32.38774974822998,32.028636569976804,29.99291431427002
2014-03-04,45.72870843695555,A,33.30324172973633,32.824256134033206,32.91592025756836,32.51859197616577,32.38312076568604,32.06654327392578,30.016687059402464
2014-03-05,46.06916742995861,A,33.37424087524414,32.94819641113281,32.948842239379886,32.64673023223877,32.379911766052246,32.09888349533081,30.04556354522705
2014-03-06,46.37451261435934,A,33.59373474121094,33.09408798217773,32.96046180725098,32.77938823699951,32.37302303314209,32.126309375762936,30.073430433273316
2014-03-07,46.53945204655337,A,33.219322204589844,33.165097045898435,32.98757438659668,32.862339878082274,32.364282035827635,32.14896644592285,30.105274620056154
2014-03-10,46.93059364646445,A,33.34843063354492,33.367794036865234,33.03986358642578,32.93044471740723,32.35223094940186,32.17278657913208,30.135657300949095
2014-03-11,46.81030456158231,A,33.406532287597656,33.3884521484375,33.10635414123535,32.99790363311767,32.34390377044678,32.19302474975586,30.165481395721436
2014-03-12,46.56497206034473,A,33.33552932739258,33.38070983886719,33.164453125,33.03276329040527,32.3341565322876,32.216843891143796,30.19680592536926
2014-03-13,46.2615605993356,A,33.12895584106445,33.28775405883789,33.190921020507815,33.06407203674316,32.33090938568115,32.241159191131594,30.225650939941406
2014-03-14,46.00551482045364,A,33.05793380737305,33.25547637939453,33.210286712646486,33.07956447601318,32.32214305877685,32.25598983764648,30.25256848335266
2014-03-17,45.99773684573412,A,33.55500793457031,33.29679183959961,33.33229293823242,33.119910621643065,32.347783699035645,32.275022735595705,30.282222995758058
2014-03-18,46.291876552282815,A,34.27800369262695,33.47108612060547,33.429769134521486,33.17284469604492,32.3866035079956,32.298915748596194,30.316530265808105
2014-03-19,46.71242316167284,A,34.28445053100586,33.66087036132812,33.520790100097656,33.23481616973877,32.42721736907959,32.32921394348145,30.35344847679138
2014-03-20,47.33965644897102,A,34.65240859985352,33.96556091308594,33.626657485961914,33.29355964660645,32.4641743850708,32.36543340682984,30.391011438369752
2014-03-21,48.04734275359889,A,34.510398864746094,34.25605392456055,33.75576515197754,33.37166976928711,32.502389945983886,32.39696634292603,30.427675666809083
2014-03-24,47.77372605468881,A,33.154762268066406,34.176004791259764,33.73639831542969,33.38813095092773,32.5221431350708,32.41622386932373,30.458190689086916
2014-03-25,47.29377057489785,A,33.36779022216797,33.993962097167966,33.73252410888672,33.41943912506103,32.53621562957764,32.44139030456543,30.488104124069213
2014-03-26,46.72538628389403,A,33.24515151977539,33.786102294921875,33.723486328125,33.4439697265625,32.55416172027588,32.466098899841306,30.518976764678953
2014-03-27,46.11223560412372,A,33.34843063354492,33.525306701660156,33.74543380737305,33.46817741394043,32.569137992858884,32.4970280456543,30.556592531204224
2014-03-28,45.26195496413936,P,32.909461975097656,33.20511932373047,33.73058662414551,33.470436668396,32.581015739440915,32.518507900238035,30.587107496261595
2014-03-31,45.370782798490886,P,33.18059158325195,33.21028518676758,33.693144989013675,33.512718963623044,32.59831607818604,32.539240550994876,30.62127387046814
2014-04-01,45.547118968696054,P,33.632450103759766,33.26321716308594,33.62858963012695,33.529179382324216,32.62542827606201,32.571472873687746,30.655372343063355
2014-04-02,46.11920630545683,P,34.43292999267578,33.500772857666014,33.64343757629395,33.5821138381958,32.68042785644531,32.609340324401856,30.6911146068573
2014-04-03,46.61215173922773,A,34.536216735839844,33.738330078125,33.63181838989258,33.62923793792724,32.74020450592041,32.64702369689942,30.728159561157227
2014-04-04,47.11602737790418,A,33.69702911376953,33.895843505859375,33.55048141479492,33.65312328338623,32.79714096069336,32.67375345230103,30.76663776397705
2014-04-07,46.95780525837381,A,32.67705535888672,33.795136260986325,33.50271072387695,33.61955451965332,32.846072349548336,32.687529296875,30.799166984558106
2014-04-08,46.19071504587452,A,31.695859909057617,33.4078182220459,33.335517692565915,33.53402090072632,32.86427658081055,32.694119186401366,30.82490337371826
2014-04-09,45.417311577102744,P,32.68350982666016,33.05793418884277,33.27935352325439,33.501419925689696,32.90326667785644,32.713851890563966,30.85551507949829
2014-04-10,43.64558645111299,P,30.566164016723636,32.26392364501954,33.001126861572274,33.37328033447266,32.89087223052979,32.70844026565552,30.875540056228637
2014-04-11,42.053098510392424,P,30.26004981994629,31.57652778625489,32.73618564605714,33.23338613510133,32.86047782897949,32.69759784698486,30.892493505477905
2014-04-14,41.05965309116661,P,30.50103759765625,31.141324234008795,32.468230247497566,33.080687618255624,32.859175300598146,32.69255971908569,30.907632846832275
2014-04-15,40.95565675167572,B,31.171890258789062,31.036530303955082,32.2221742630005,32.925381946563725,32.863543395996096,32.693013229370116,30.927258596420288
2014-04-16,40.34048593560076,B,31.34122467041016,30.768073272705077,31.91300373077393,32.77822065353394,32.874138374328616,32.69740177154541,30.945875625610352
2014-04-17,41.10547457878659,B,31.621278762817383,30.97909622192383,31.621509933471685,32.626664161682136,32.88775245666504,32.70459085464478,30.965035963058472
2014-04-18,41.96567867794175,P,31.621278762817383,31.251342010498046,31.41393489837647,32.4822081565857,32.888972244262696,32.7104990196228,30.98016569137573
2014-04-21,43.009360464812374,P,32.194454193115234,31.590025329589842,31.36567478179932,32.43419275283814,32.893134651184084,32.72252319335937,30.99952596664429
2014-04-22,43.86666907288396,P,32.572208404541016,31.870088958740233,31.45330963134766,32.39441366195679,32.90343173980713,32.7282054901123,31.023345737457277
2014-04-23,44.76012371439623,P,32.65687561035156,32.133219146728514,31.450646209716798,32.364999866485604,32.90380252838135,32.73665594100952,31.047112779617308
2014-04-24,45.207800415669745,P,32.122802734375,32.23352394104004,31.606310081481933,32.303718471527105,32.89620296478272,32.73918918609619,31.067066946029662
2014-04-25,45.53717478519568,A,32.00556945800781,32.31038208007813,31.780862045288085,32.25852384567261,32.88135265350342,32.73036678314209,31.085800199508668
2014-04-28,45.820813703910424,A,33.13234329223633,32.49795989990234,32.043992614746095,32.25611143112183,32.88903781890869,32.733708686828614,31.10873914718628
2014-04-29,45.92690749839395,A,33.45800018310547,32.67511825561523,32.272603607177736,32.24738893508912,32.893811378479,32.73435092926025,31.135401010513306
2014-04-30,46.26674029607739,A,33.92042922973633,32.92782897949219,32.53052406311035,32.22176389694214,32.91131954193115,32.73622303009033,31.16650149345398
2014-05-01,46.55202253736412,A,33.614315032958984,33.226131439208984,32.72982769012451,32.175668811798104,32.914055061340335,32.73682708740235,31.194167070388794
2014-05-02,46.856890181797745,A,33.33425521850586,33.491868591308595,32.90112533569336,32.157530117034916,32.92177623748779,32.73475879669189,31.21868684768677
2014-05-05,46.67255188078665,A,33.45149612426758,33.55569915771484,33.02682952880859,32.19625215530396,32.934295387268065,32.72745838165283,31.242935886383055
2014-05-06,46.396402757029534,A,33.15839385986328,33.4957778930664,33.08544807434082,32.26937885284424,32.942630729675294,32.715561637878416,31.266861972808837
2014-05-07,46.357645856203355,A,34.382869720458984,33.58826599121094,33.25804748535156,32.35434684753418,32.975197334289554,32.71149040222168,31.294434986114503
2014-05-08,46.56872302906829,A,33.96601486206055,33.65860595703125,33.44236869812012,32.52433938980103,32.997232093811036,32.7140743637085,31.32065365791321
2014-05-09,46.91646559362122,A,34.03766632080078,33.79928817749023,33.645578384399414,32.71322021484375,33.02069988250732,32.71763126373291,31.347008409500123
2014-05-12,47.30089384172234,A,34.109310150146484,33.930850982666016,33.74327507019043,32.89363384246826,33.05618717193604,32.721968460083005,31.37565733909607
2014-05-13,47.674208649098915,A,33.99860000610352,34.09889221191406,33.79733505249023,33.034969329833984,33.07009433746338,32.72660755157471,31.40321316719055
2014-05-14,47.65150033453558,A,34.434959411621094,34.109310150146484,33.84878807067871,33.18965606689453,33.091308708190915,32.735610237121584,31.433934631347658
2014-05-15,47.483905513232834,A,34.31774139404297,34.17965545654297,33.91913070678711,33.32447919845581,33.10578884124756,32.739405937194825,31.462514896392822
2014-05-16,47.34051334682386,A,34.474063873291016,34.26693496704102,34.033111572265625,33.467118453979495,33.13088367462158,32.74758285522461,31.492987594604493
2014-05-19,47.52525817049576,A,35.24260330200195,34.49359359741211,34.212222290039065,33.61952590942383,33.16876712799072,32.76049903869629,31.526255664825438
2014-05-20,47.70792767540723,A,34.871341705322266,34.66814193725586,34.38351707458496,33.73448257446289,33.19806331634521,32.770983543396,31.558016510009764
2014-05-21,47.65945789823098,A,34.695491790771484,34.72024841308594,34.41477928161621,33.83641338348389,33.225262565612795,32.779709548950194,31.5900089263916
2014-05-22,47.91266066617599,A,34.92996597290039,34.84269332885742,34.5111743927002,33.97677154541016,33.261282768249515,32.796096076965334,31.627521724700927
2014-05-23,48.11027080062478,A,35.13838195800781,34.97555694580078,34.6212459564209,34.13341217041015,33.30289173126221,32.81251739501953,31.666743116378782
2014-05-26,47.86784818055523,A,35.13838195800781,34.95471267700195,34.72415313720703,34.23371410369873,33.334559211730955,32.841171455383304,31.704790229797364
2014-05-27,47.79034954462165,A,35.16444396972656,35.01333312988281,34.84073753356934,34.31903629302978,33.35228801727295,32.86944576263428,31.744237117767334
2014-05-28,47.9593956438122,A,35.21653747558594,35.1175422668457,34.91889533996582,34.38384170532227,33.37092975616455,32.89907356262207,31.78603916168213
2014-05-29,47.78667101178892,A,35.19049835205078,35.16964874267578,35.0061710357666,34.46265087127686,33.3816915512085,32.92293296813965,31.8257750415802
2014-05-30,47.60834688570467,A,35.38588333129883,35.21914901733398,35.09735298156738,34.565232276916504,33.399201240539554,32.95079559326172,31.86486925125122
2014-06-02,47.56597632831559,A,35.268653869628906,35.2452033996582,35.09995803833008,34.65609016418457,33.4414790725708,32.9818111038208,31.903313827514648
2014-06-03,47.61578851804402,A,35.41193389892578,35.294701385498044,35.15401725769043,34.76876716613769,33.482361946105954,33.0092887878418,31.94507727622986
2014-06-04,47.67815962085791,A,35.54871368408203,35.36113662719727,35.239339447021486,34.82705936431885,33.52843318939209,33.04129745483399,31.987746772766112
2014-06-05,48.01497233878254,A,36.01767349243164,35.526571655273436,35.34811019897461,34.929642295837404,33.58181804656982,33.07547801971435,32.0325705909729
2014-06-06,48.205486588050626,A,35.88739776611328,35.62687454223633,35.423011779785156,35.022128868103025,33.64137676239014,33.111196250915526,32.076774797439576
2014-06-09,48.06840026329824,A,35.066749572753906,35.58649368286133,35.41584854125976,35.0700008392334,33.67909992218018,33.13870800018311,32.11687576293945
2014-06-10,47.823949957179146,A,35.151424407958984,35.53439178466797,35.41454658508301,35.12764205932617,33.70947940826416,33.167453842163084,32.1574635887146
2014-06-11,47.56706230226688,A,35.32076644897461,35.48880233764648,35.42496948242187,35.17193241119385,33.727236137390136,33.20383199691773,32.197184314727785
2014-06-12,46.87188620816201,A,34.94951248168945,35.275170135498044,35.400870895385744,35.203520965576175,33.735502052307126,33.23785327911377,32.23384278297424
2014-06-13,46.45344996868962,P,35.27516555786133,35.152723693847655,35.38979911804199,35.24357604980469,33.767064781188964,33.28210287094116,32.270923433303835
2014-06-16,46.49910990088713,P,35.17095184326172,35.17356414794922,35.380028915405276,35.239993476867674,33.81694271087647,33.331507530212406,32.305769243240356
2014-06-17,46.654640192293364,P,35.36634826660156,35.216548919677734,35.375470352172854,35.26474380493164,33.890352478027346,33.377314529418946,32.340481224060056
2014-06-18,46.82323672560617,P,35.542198181152344,35.26083526611328,35.37481880187988,35.30707912445068,33.94752624511719,33.42539646148682,32.375532903671264
2014-06-19,47.197855180753464,A,35.29470443725586,35.329873657226564,35.30252189636231,35.32531604766846,34.04209705352783,33.46648464202881,32.41014054298401
2014-06-20,47.04779643258747,A,34.71504211425781,35.21784896850586,35.185286331176755,35.304149055480956,34.131196899414064,33.495837364196774,32.441246843338014
2014-06-23,47.0573767400146,A,35.00813293457031,35.18528518676758,35.1794246673584,35.29763660430908,34.221338806152346,33.54025705337524,32.47086709976196
2014-06-24,46.77284668225651,P,34.90391540527344,35.09279861450195,35.15467376708985,35.284610176086424,34.29597930908203,33.579761352539066,32.4943169593811
2014-06-25,46.848204458223485,P,35.822265625,35.14881210327148,35.204823684692386,35.31489658355713,34.38560012817383,33.62986925125122,32.52134301185608
2014-06-26,47.46170231116739,A,36.805763244628906,35.45102386474609,35.39044876098633,35.395659828186034,34.48928981781006,33.68852113723755,32.55493688583374
2014-06-27,48.477511228747495,A,36.98813629150391,35.905642700195315,35.56174583435059,35.47577247619629,34.59662696838379,33.742799606323246,32.588046112060546
2014-06-30,49.09080564852363,A,36.760162353515625,36.256048583984374,35.72066688537598,35.550347900390626,34.6879411315918,33.79053789138794,32.622364091873166
2014-07-01,50.006933898321854,A,37.05324935913086,36.68591537475586,35.889356994628905,35.632413673400876,34.77756195068359,33.84049684524536,32.66170208930969
2014-07-02,50.7543229173952,A,37.84786224365234,37.091034698486325,36.1199234008789,35.74737110137939,34.88138168334961,33.892592105865475,32.70707605361938
2014-07-03,50.91662375826839,A,37.91950607299805,37.31378326416016,36.38240356445313,35.84246273040772,34.99731575012207,33.94675935745239,32.753855600357056
2014-07-04,51.057749110487514,A,37.91950607299805,37.500057220458984,36.70284996032715,35.944068145751956,35.115594482421876,33.99847356796265,32.802761545181276
2014-07-07,51.10611116225954,A,37.38542556762695,37.62510986328125,36.94057922363281,36.06000194549561,35.20065612792969,34.04484697341919,32.847727632522584
2014-07-08,50.427019899635326,A,36.27167892456055,37.46879577636719,37.077355575561526,36.116014671325686,35.25692970275879,34.0753705406189,32.88372902870178
2014-07-09,49.11683819510994,A,35.82877349853516,37.06497802734375,37.07800636291504,36.14141502380371,35.29509658813477,34.10320806503296,32.91703985214233
2014-07-10,48.024667593730676,A,36.33681106567383,36.74843902587891,37.03111114501953,36.21077995300293,35.34954650878906,34.1318007850647,32.952700490951536
2014-07-11,46.728404163123265,A,36.06774139404297,36.37808609008789,36.93907165527344,36.25040874481201,35.4042162322998,34.1629962348938,32.984508485794066
2014-07-14,45.76946407457285,P,35.995540618896484,36.1001091003418,36.862609481811525,36.29163818359375,35.455097122192385,34.194696254730225,33.018208799362185
2014-07-15,45.16483424811156,P,35.07023239135742,35.85981979370117,36.66430778503418,36.27683238983154,35.493333892822264,34.21798231124878,33.052265367507935
2014-07-16,44.95491343831544,P,35.20805358886719,35.73567581176758,36.40032691955567,36.260125160217285,35.50983757019043,34.24251745223999,33.086090650558475
2014-07-17,44.487915898015295,P,35.122737884521484,35.49286117553711,36.120650100708005,36.251526832580566,35.53297203063965,34.26510206222534,33.11542245864868
2014-07-18,44.66207213600109,P,36.03493881225586,35.48630065917969,35.93219337463379,36.31752166748047,35.57291748046875,34.29680868148804,33.149411325454714
2014-07-21,44.519442423215345,P,35.437740325927734,35.37474060058594,35.73742485046387,36.33900203704834,35.599486083984374,34.3278366279602,33.1782365989685
2014-07-22,44.86494686619219,P,35.47054672241211,35.454803466796875,35.657311630249026,36.367333602905276,35.62892501831055,34.349509677886964,33.20802647590637
2014-07-23,45.28705641136378,P,35.752742767333984,35.563741302490236,35.6497085571289,36.363857460021975,35.655280685424806,34.37329469680786,33.236089096069335
2014-07-24,45.554165330014,A,35.49024200439453,35.63724212646484,35.56505165100098,36.298081398010254,35.678730697631835,34.3922597694397,33.25928457260132
2014-07-25,44.94990698808031,P,34.89960479736328,35.41017532348633,35.44823799133301,36.19365482330322,35.68724151611328,34.40906259536743,33.27901452064514
2014-07-28,44.80042954591838,P,35.26711654663086,35.376050567626955,35.37539558410644,36.11900253295899,35.68773178100586,34.42824945449829,33.30051801681518
2014-07-29,44.39132145000297,P,35.06366729736328,35.294674682617185,35.37473907470703,36.0195234298706,35.69157829284668,34.44482080459595,33.318922777175906
2014-07-30,43.96028532714801,P,35.273677825927734,35.19886169433594,35.38130149841309,35.890814208984374,35.70314201354981,34.4642022895813,33.34052309036255
2014-07-31,43.42078522058113,P,34.34834671020508,34.970482635498044,35.30386238098144,35.712256240844724,35.6915096282959,34.4763961982727,33.35877769470215
2014-08-01,43.24744110509098,P,34.44021987915039,34.878605651855466,35.1443904876709,35.538291931152344,35.67754638671875,34.490219058990476,33.37310444831848
2014-08-04,43.11549310964377,P,34.97179412841797,34.81954116821289,35.09779586791992,35.4176103591919,35.674214630126954,34.50438692092896,33.38970482826233
2014-08-05,42.928060051912496,P,34.6436767578125,34.73554306030273,35.01510887145996,35.33621025085449,35.66379928588867,34.50804365158081,33.4034797000885
2014-08-06,42.5082024419546,P,34.15804672241211,34.51241683959961,34.85563926696777,35.25267391204834,35.6426294708252,34.50677961349487,33.41799677848816
2014-08-07,42.686374519005085,P,34.40742492675781,34.52423248291016,34.747357559204104,35.15620460510254,35.62696800231934,34.50432977676392,33.434881591796874
2014-08-08,43.04364211154163,P,34.66335678100586,34.56885986328125,34.72373275756836,35.085985374450686,35.612517471313474,34.50585935592651,33.45141284942627
2014-08-11,43.24220618478335,P,34.98492813110352,34.57148666381836,34.69551391601563,35.035454750061035,35.60684295654297,34.52416101455688,33.470192441940306
2014-08-12,43.51589534927612,P,34.676483154296875,34.57804794311524,34.656795501708984,35.01576728820801,35.59213394165039,34.53724794387817,33.4893191242218
2014-08-13,44.27471787289414,P,35.17524719238281,34.781488037109376,34.64695243835449,35.01412696838379,35.58466461181641,34.55654890060425,33.51132390022278
2014-08-14,45.04265983373,A,35.56242752075195,35.012488555908206,34.76836051940918,35.036111450195314,35.57555969238281,34.578688869476316,33.53785845756531
2014-08-15,45.44742978201025,A,35.37211227416992,35.154239654541016,34.86154975891113,35.002970123291014,35.56525398254394,34.603315372467044,33.560911636352536
2014-08-18,45.83158335899234,A,35.64117813110352,35.28548965454102,34.928488159179686,35.0131420135498,35.576742553710936,34.62792123794556,33.58358089447022
2014-08-19,46.58909750681783,A,36.28431701660156,35.60705642700195,35.092552185058594,35.053830528259276,35.59940040588379,34.65443990707397,33.61295639038086
2014-08-20,46.921228571962644,A,36.13337326049805,35.798681640625,35.29008483886719,35.07286205291748,35.615652542114255,34.6714443397522,33.64039233207703
2014-08-21,46.94319532007055,A,36.06774139404297,35.8997444152832,35.4561164855957,35.1017370223999,35.638017120361326,34.686759586334226,33.66689164161682
2014-08-22,47.28688558557246,A,36.22523880004883,36.070369720458984,35.6123046875,35.16801872253418,35.65701858520508,34.71204168319702,33.69289756774902
2014-08-25,47.6810730578444,A,36.66493606567383,36.27512130737305,35.78030548095703,35.23790969848633,35.68689826965332,34.751920490264894,33.719724893569946
2014-08-26,47.66998130349801,A,36.586181640625,36.33549423217774,35.971275329589844,35.314035415649414,35.711294937133786,34.80082370758057,33.747471446990964
2014-08-27,47.721538987109,A,36.55337524414063,36.41949462890625,36.10908813476563,35.37802028656006,35.73151847839355,34.83952236175537,33.776687126159665
2014-08-28,47.95072479210665,A,36.48773956298828,36.50349426269531,36.20161933898926,35.484989929199216,35.7553791809082,34.898738117218016,33.80358919143677
2014-08-29,47.98443559061676,A,36.27774429321289,36.51399536132813,36.292182540893556,35.576866149902344,35.7866332244873,34.958915061950684,33.82825645446778
2014-09-01,47.7359173252521,A,36.27774429321289,36.43655700683594,36.35583915710449,35.64216365814209,35.812025451660155,35.01668212890625,33.854620923995974
2014-09-02,47.404017980662054,A,36.139930725097656,36.34730682373047,36.3414005279541,35.71697635650635,35.836745758056644,35.06636253356933,33.87968788146973
2014-09-03,47.3126175019655,A,36.428688049316406,36.32236938476562,36.370932006835936,35.830508422851565,35.848874206542966,35.1172371673584,33.907319469451906
2014-09-04,47.061269458585194,A,36.44837188720703,36.31449584960937,36.40899505615234,35.932555770874025,35.84172637939453,35.165508098602295,33.93504947662353
2014-09-05,46.97712714708198,A,36.71086502075195,36.401119995117185,36.457557678222656,36.03493118286133,35.83618095397949,35.21640396118164,33.96345149040222
2014-09-08,46.844922647295625,A,36.46805953979492,36.43918304443359,36.437870025634766,36.109087753295896,35.830338897705076,35.25914001464844,33.99083160400391
2014-09-09,47.22314154472742,A,37.37370300292969,36.6859375,36.516622161865236,36.243948745727536,35.83674797058106,35.307154960632325,34.01768022537232
2014-09-10,47.41788975210363,A,37.531192779541016,36.90643844604492,36.614403915405276,36.36174602508545,35.830414581298825,35.35589813232422,34.04627703666687
2014-09-11,47.85993891195394,A,37.96432495117188,37.2096290588379,36.76206245422363,36.48184089660644,35.8313109588623,35.41431335449219,34.07675127029419
2014-09-12,48.178410080917864,A,37.9840087890625,37.4642578125,36.9326889038086,36.61243572235107,35.83260101318359,35.47409774780274,34.10223226547241
2014-09-15,48.69956816020252,A,38.01681900024414,37.774009704589844,37.10659637451172,36.731217765808104,35.845228881835936,35.52294250488281,34.12832559585571
2014-09-16,48.89142593965448,A,38.45650863647461,37.990570831298825,37.33825416564942,36.839827346801755,35.88892547607422,35.5729275894165,34.15363925933838
2014-09-17,49.381816231209804,A,39.12587738037109,38.30950775146484,37.60797309875488,36.98945255279541,35.95486755371094,35.624982070922854,34.18060255050659
2014-09-18,49.56967482992983,A,39.01431274414063,38.51950531005859,37.86456718444824,37.13678112030029,36.00841758728027,35.67898204803467,34.20790456771851
2014-09-19,49.65269006778036,A,38.75838470458984,38.674380493164065,38.06931915283203,37.26343841552735,36.06223045349121,35.733223342895506,34.2339910697937
2014-09-22,49.57941947487279,A,38.52870559692383,38.7767578125,38.27538375854492,37.35662689208984,36.11289375305176,35.78399543762207,34.25572690963745
2014-09-23,49.010871543253046,A,37.77400207519531,38.64025650024414,38.31541366577149,37.41601791381836,36.16696914672852,35.83015151977539,34.272856578826904
2014-09-24,48.447538870184395,A,38.75182342529297,38.56544570922851,38.43747673034668,37.525940322875975,36.23784454345703,35.87384105682373,34.2926657295227
2014-09-25,47.72747950226121,A,38.06275177001953,38.3751335144043,38.447319412231444,37.60469093322754,36.29664482116699,35.91480842590332,34.31444139480591
2014-09-26,47.49116528717806,A,38.84370422363281,38.39219741821289,38.53328895568848,37.73298892974854,36.35282012939453,35.96286880493164,34.34025003433228
2014-09-29,47.257517907451636,A,38.40400695800781,38.36725769042969,38.572007751464845,37.83930206298828,36.412145462036136,36.005815773010255,34.36389211654663
2014-09-30,47.31008083552903,A,37.90525817871094,38.39350891113281,38.516882705688474,37.927568435668945,36.46083969116211,36.04488235473633,34.385744953155516
2014-10-01,46.68378604022203,P,37.55744171142578,38.154632568359375,38.360039138793944,37.98400611877442,36.496933670043944,36.07610717773437,34.40585870742798
2014-10-02,46.27143290021104,P,37.18993377685547,37.98006896972656,38.17760124206543,38.021084213256835,36.53092750549317,36.1048291015625,34.42211751937866
2014-10-03,46.04201678162679,P,38.51558303833008,37.91444473266601,38.15332107543945,38.111320114135744,36.6032470703125,36.14524429321289,34.44641357421875
2014-10-06,45.73083906397787,P,37.93807220458984,37.82125778198242,38.09425773620605,38.18482074737549,36.65666618347168,36.17219898223877,34.46634901046753
2014-10-07,45.3292828224821,P,37.17681884765625,37.67556991577148,38.03453941345215,38.17497653961182,36.69892921447754,36.19525375366211,34.48311864852905
2014-10-08,45.78211130612126,P,38.2858772277832,37.82125701904297,37.987944793701175,38.212710762023924,36.759173202514646,36.23115760803223,34.505433578491214
2014-10-09,45.95862179090239,P,37.222755432128906,37.82782135009766,37.90394515991211,38.175632286071775,36.81666137695313,36.25408550262451,34.52509078979492
2014-10-10,44.91301789400179,P,36.34341812133789,37.39338836669922,37.65391654968262,38.09360275268555,36.85472534179687,36.26613586425781,34.53932662963867
2014-10-13,43.826644061954376,P,35.45087814331055,36.89594955444336,37.35860366821289,37.965305709838866,36.86430702209473,36.26926082611084,34.55521614074707
2014-10-14,43.26786298221598,P,35.78805923461914,36.61819763183594,37.14688377380371,37.83188323974609,36.88719467163086,36.27549697875977,34.57247137069702
2014-10-15,42.28012576722228,P,36.118629455566406,36.18474807739258,37.00300254821777,37.68152084350586,36.92640632629394,36.28451789855957,34.59179573059082
2014-10-16,41.266882571785,P,34.974849700927734,35.73516693115234,36.781494140625,37.47954769134522,36.93775482177735,36.28236141204834,34.602647190094
2014-10-17,41.07348380683916,P,35.28558349609375,35.523600006103514,36.45849418640137,37.30590763092041,36.9501993560791,36.28135841369629,34.616077003479006
2014-10-20,41.661405121124105,P,35.97319030761719,35.62806243896485,36.262005996704104,37.178131866455075,36.969964599609376,36.28840377807617,34.63510744094849
2014-10-21,42.604680733741766,P,37.21614837646485,35.91368026733399,36.265938949584964,37.15023918151856,37.020757904052736,36.306445922851566,34.65786735534668
2014-10-22,43.46861495406228,P,37.619441986083984,36.2138427734375,36.19929542541504,37.0936201095581,37.06964179992676,36.32715320587158,34.68422533035278
2014-10-23,45.748606073283575,P,39.35166549682617,37.08920593261719,36.41218643188476,37.15806579589844,37.14542655944824,36.360493125915525,34.71798557281494
2014-10-24,48.13922513635131,A,39.86074066162109,38.00423736572266,36.76391868591308,37.20891761779785,37.23519912719726,36.400226554870606,34.75571140289307
2014-10-27,50.12286016261634,A,39.992977142333984,38.80819473266602,37.21812858581543,37.28836612701416,37.322235107421875,36.44948883056641,34.794098415374755
2014-10-28,51.388397175834264,A,40.28386688232422,39.42173843383789,37.66770935058594,37.40729656219482,37.40222610473633,36.50081325531006,34.834133548736574
2014-10-29,52.40220450743439,A,39.6557846069336,39.82900695800781,38.02142486572266,37.512213706970215,37.47267433166504,36.54416343688965,34.87399771690369
2014-10-30,52.649549682311005,A,40.44916534423828,40.04850692749024,38.568856430053714,37.67517528533936,37.560302810668944,36.599159965515135,34.91850662231445
2014-10-31,53.13701360701935,A,41.95659255981445,40.46767730712891,39.235957336425784,37.847225761413576,37.67492988586426,36.66597423553467,34.97403855323792
2014-11-03,53.41227781548539,A,41.81774520874024,40.83263092041016,39.82041282653809,38.0412094116211,37.77798606872559,36.732442169189454,35.03197484970093
2014-11-04,53.44963353634821,A,41.42766189575195,41.06138992309571,40.241564178466795,38.253751564025876,37.874815673828124,36.793055305480955,35.08518491744995
2014-11-05,53.7311392881817,A,41.34832382202149,41.399897766113284,40.61445236206055,38.406873893737796,37.97071464538574,36.85111656188965,35.13825651168823
2014-11-06,53.56614504190444,A,41.460723876953125,41.60220947265625,40.82535820007324,38.618772315979,38.07017433166504,36.91277675628662,35.18963069915772
2014-11-07,52.37368158736282,A,40.660743713378906,41.34303970336914,40.905358505249026,38.834638595581055,38.15783432006836,36.97223377227783,35.2340355682373
2014-11-10,52.08055709311029,A,42.174766540527344,41.41444396972656,41.12353744506836,39.17083301544189,38.275774765014646,37.043900108337404,35.29207858085633
2014-11-11,52.11156577678489,A,42.21443939208984,41.57179946899414,41.31659469604492,39.49215202331543,38.39726493835449,37.117005348205566,35.348383350372316
2014-11-12,52.19525107123232,A,42.154930114746094,41.73312072753906,41.56650924682617,39.79396705627441,38.51178977966308,37.180331993103025,35.40510062217712
2014-11-13,52.34059773460885,A,42.0689811706543,41.8547721862793,41.72849082946777,40.148673629760744,38.624201965332034,37.23296417236328,35.46074265480041
2014-11-14,53.02723505360199,A,42.313602447509766,42.18534393310547,41.76419181823731,40.500074577331546,38.736256713867185,37.28621883392334,35.514509220123294
2014-11-17,52.98595298423344,A,43.00121307373047,42.350633239746095,41.882538604736325,40.85147571563721,38.8669197845459,37.34862934112549,35.569583616256715
2014-11-18,53.108248503679114,A,43.6689567565918,42.641536712646484,42.106668090820314,41.174116134643555,38.99282485961914,37.414786415100096,35.62764163017273
2014-11-19,53.01232342085484,A,43.30532836914063,42.87161636352539,42.302368545532225,41.45841045379639,39.10830757141113,37.46936107635498,35.68097659111023
2014-11-20,52.76327639972826,A,43.10038375854492,43.07789688110351,42.46633453369141,41.645846366882324,39.21102874755859,37.52116985321045,35.73396460533142
2014-11-21,53.165220048739606,A,44.53507232666016,43.52219085693359,42.85376739501954,41.87956295013428,39.34205001831055,37.58732551574707,35.79289954185486
2014-11-24,53.38492266143561,A,44.81275177001953,43.884498596191406,43.11756591796875,42.120551681518556,39.47796867370606,37.661598777771,35.853222875595094
2014-11-25,53.39811055584865,A,44.99787139892578,44.150281524658205,43.39590911865235,42.356251907348636,39.60879592895508,37.74886070251465,35.91211562156677
2014-11-26,53.94330186462196,A,45.4210090637207,44.57341766357422,43.72251701354981,42.64451313018799,39.73469856262207,37.844783058166506,35.97399556159973
2014-11-27,54.67980628420776,A,45.4210090637207,45.037542724609374,44.057719802856454,42.89310531616211,39.86283248901368,37.93562503814697,36.03371291160583
2014-11-28,54.622579684634765,A,45.751590728759766,45.280846405029294,44.40151863098145,43.082855224609375,40.00269660949707,38.03246353149414,36.09772988319397
2014-12-01,54.57361367966075,A,45.69209289550781,45.45671463012695,44.67060661315919,43.27657260894775,40.145964355468756,38.12942905426026,36.16206265449524
2014-12-02,54.622709174886154,A,45.7978630065918,45.616712951660155,44.88349723815919,43.49508266448974,40.30644157409668,38.2367053604126,36.22734383583069
2014-12-03,54.07888789570492,A,45.28878402709961,45.590267944335935,45.08184280395508,43.69210567474365,40.437180786132814,38.33751266479492,36.290015058517454
2014-12-04,53.96212426287784,A,45.9962158203125,45.705309295654295,45.371426010131835,43.91888027191162,40.59585006713868,38.44624744415283,36.355674753189085
2014-12-05,53.82051893118626,A,46.08877182006836,45.772745513916014,45.52679595947266,44.19028167724609,40.74075141906739,38.546785774230955,36.4217972278595
2014-12-08,53.6290307832458,A,45.89705276489258,45.81373748779297,45.63522605895996,44.37639598846435,40.890612335205084,38.65137889862061,36.48960776329041
2014-12-09,53.23644269985991,A,45.7119140625,45.79654769897461,45.706630325317384,44.551269721984866,41.046745452880856,38.75379257202148,36.551651124954226
2014-12-10,52.717716674337254,A,44.68052673339844,45.674896240234375,45.632582092285155,44.67754955291748,41.18920715332031,38.84307041168213,36.608182554245
2014-12-11,51.5947404411001,A,44.31689834594727,45.33903274536133,45.52217102050781,44.789945411682126,41.33174644470215,38.93133697509766,36.66179837226868
2014-12-12,50.01515535208245,P,43.15325927734375,44.751930236816406,45.262337875366214,44.83192825317383,41.42449996948242,39.01387351989746,36.711468057632445
2014-12-15,48.68506389090078,P,43.38468170166016,44.24945602416993,45.03159675598145,44.85110168457031,41.533432159423825,39.095049171447755,36.76164931297302
2014-12-16,47.387554493737774,P,43.140045166015625,43.735082244873055,44.76581497192383,44.824656105041505,41.652696685791014,39.17581295013428,36.81031687736511
2014-12-17,47.075453264295845,P,44.01277160644531,43.601531219482425,44.6382137298584,44.86002826690674,41.767234573364256,39.263203887939454,36.863703088760374
2014-12-18,47.50225130887711,P,44.90531539916992,43.719214630126956,44.52912368774414,44.95027484893799,41.92088577270508,39.3687735748291,36.9225848865509
2014-12-19,48.57941750161882,P,44.76647567749024,44.04185791015625,44.39689407348633,44.961845016479494,42.089346923828124,39.4720361328125,36.98112759590149
2014-12-22,49.31155632357052,P,44.2772216796875,44.22036590576172,44.23491096496582,44.93506851196289,42.26587379455567,39.5650904083252,37.03473866462708
2014-12-23,49.363199026119496,P,42.54500579833984,44.101358032226564,43.918220138549806,44.812425231933595,42.40101272583008,39.64410369873047,37.07607367515564
2014-12-24,49.37408028017685,P,43.77475357055664,44.05375442504883,43.827642822265624,44.73011245727539,42.554135208129885,39.74027076721191,37.12352519035339
2014-12-25,48.83038538422583,P,43.77475357055664,43.82764205932617,43.77342834472656,44.64779968261719,42.73013328552246,39.8339440536499,37.169136915206906
2014-12-26,48.58358962850772,P,44.28384017944336,43.7311149597168,43.88648643493652,44.574412155151364,42.91009841918945,39.930148887634275,37.218004121780396
2014-12-29,48.68547882368143,P,44.38961410522461,43.75359344482422,43.98697967529297,44.509288215637206,43.078426895141604,40.02419574737549,37.274178380966184
2014-12-30,49.51032693394376,P,43.83425521850586,44.011443328857425,44.05640068054199,44.41110782623291,43.21078903198242,40.11577346801758,37.326510705947875
2014-12-31,49.306045133122666,P,43.26567077636719,43.90962677001953,43.98169059753418,44.30995216369629,43.323713607788086,40.196677703857425,37.37661330223084
2015-01-01,48.89107305448223,P,43.26567077636719,43.80781021118164,43.817726135253906,44.173424911499026,43.40199371337891,40.27371013641358,37.42619950294495
2015-01-02,48.22400078855198,P,43.563175201416016,43.66367721557617,43.69739608764648,44.04714508056641,43.476042404174805,40.355620765686034,37.47946806907654
2015-01-05,47.1066769687963,P,42.74335861206055,43.33442611694336,43.54400978088379,43.8894603729248,43.531050033569336,40.4266425704956,37.52728190422058
2015-01-06,46.1580812858536,P,42.53178787231445,43.07393264770508,43.54268798828125,43.73045406341553,43.57600845336914,40.489117279052735,37.57177859306336
2015-01-07,46.54973603741143,P,44.25078201293945,43.27095489501953,43.59029083251953,43.70896682739258,43.66790840148926,40.57029136657715,37.620867853164675
2015-01-08,47.3958751624325,P,44.71358871459961,43.56053848266602,43.684174346923825,43.7288013458252,43.75319686889648,40.65674983978271,37.67175471305847
2015-01-09,47.55860057677185,P,43.49044418334961,43.54599227905273,43.604834747314456,43.745660591125485,43.78387390136719,40.72940189361572,37.72072178840637
2015-01-12,48.18036260787625,P,43.47722625732422,43.69276580810547,43.51359596252441,43.75028781890869,43.81706352233887,40.797524795532226,37.77472264289856
2015-01-13,48.29010828629686,P,42.22493743896485,43.631395721435545,43.352664184570315,43.70453243255615,43.833009033203126,40.853912353515625,37.827368030548094
2015-01-14,47.38921553198344,P,42.431434631347656,43.26752624511719,43.26924057006836,43.62546558380127,43.85467124938965,40.9126929473877,37.876107654571534
2015-01-15,45.99506492245177,P,41.891883850097656,42.7031852722168,43.13186187744141,43.47479400634766,43.86329444885254,40.966734390258786,37.932736253738405
2015-01-16,45.928826836481846,P,42.990966796875,42.60328979492188,43.0746410369873,43.38601856231689,43.90989891052246,41.03386661529541,37.99639083862305
2015-01-19,45.78684818273202,P,42.990966796875,42.506037902832034,43.09940185546875,43.32170581817627,43.92622291564941,41.10099884033203,38.05884048461914
2015-01-20,46.023270296073825,P,42.26490783691406,42.514031982421876,43.07271385192871,43.30770092010498,43.9272322845459,41.162248611450195,38.114305572509764
2015-01-21,45.90505741369528,P,41.76533126831055,42.380811309814455,42.82416877746582,43.20722980499268,43.91944030761719,41.215615043640135,38.16642610549927
2015-01-22,46.19128045454732,P,41.95183563232422,42.392801666259764,42.54799346923828,43.11608390808105,43.917097396850586,41.27064968109131,38.2180788898468
2015-01-23,45.505775602224126,P,41.58546829223633,42.11170196533203,42.357495880126955,42.9811653137207,43.90253471374512,41.31939571380615,38.2678998374939
2015-01-26,44.8533898736992,P,41.85192489624024,41.88389358520508,42.19496574401855,42.85428085327148,43.879548950195314,41.37323436737061,38.31618719100952
2015-01-27,44.487047147007495,P,42.03175735473633,41.83726348876953,42.1756477355957,42.76415596008301,43.8468049621582,41.419814910888675,38.363484935760496
2015-01-28,44.38635262796662,P,41.19912338256836,41.724021911621094,42.05241661071777,42.660828590393066,43.80468086242676,41.45649421691895,38.406196174621584
2015-01-29,44.60714264132031,P,42.04508972167969,41.742672729492185,42.06773719787598,42.59979953765869,43.783574981689455,41.49730186462402,38.45580760955811
2015-01-30,44.089664974273376,P,40.19994735717773,41.46556854248047,41.78863525390625,42.431638145446776,43.6968724822998,41.51946125030518,38.49677949905396
2015-02-02,43.579353957739755,P,40.4330940246582,41.181802368164064,41.53284797668457,42.31612491607666,43.60927932739258,41.543624000549315,38.53328325271607
2015-02-03,43.116958015630736,P,41.06590270996094,40.98863143920899,41.412947463989255,42.24283065795898,43.53063995361328,41.56971794128418,38.571322765350345
2015-02-04,41.46033141229899,P,37.90852737426758,40.33051223754883,41.02726707458496,41.92571792602539,43.380390319824215,41.55754444122314,38.591263256073
2015-02-05,39.548144139606414,P,38.62793350219727,39.647080993652345,40.69487686157227,41.62143516540527,43.24452880859375,41.55368064880371,38.61633134841919
2015-02-06,38.69462262475164,P,37.90187072753906,39.18746566772461,40.32651710510254,41.34200649261474,43.08753440856933,41.5451155090332,38.639169425964354
2015-02-09,37.289448157871405,B,36.95597457885742,38.492041778564456,39.836922073364256,41.015943908691405,42.912812042236325,41.52938819885254,38.656691818237306
2015-02-10,36.02840782710516,B,37.89520263671875,37.85790176391602,39.4232666015625,40.7994571685791,42.75475883483887,41.530600204467774,38.68037586212158
2015-02-11,36.622184267805004,B,37.76197814941406,37.828591918945314,39.07955207824707,40.56598434448242,42.604222717285154,41.520701751708984,38.69727140426636
2015-02-12,37.01677493023161,B,38.00177764892578,37.70336074829102,38.67522087097168,40.37147903442383,42.444333953857424,41.52009201049805,38.71745021820068
2015-02-13,37.81404824911274,B,38.66788864135742,37.856564331054685,38.52201499938965,40.15532512664795,42.2959162902832,41.51833385467529,38.74060132980347
2015-02-16,39.22478085559944,B,38.66788864135742,38.19894714355469,38.34549446105957,39.93917121887207,42.1513330078125,41.52097267150879,38.76339422225952
2015-02-17,40.279906153687485,P,39.11418533325195,38.44274368286133,38.15032272338867,39.78163509368896,42.01937843322754,41.5330619430542,38.78897214889526
2015-02-18,41.54077574002919,P,39.4605598449707,38.78246002197265,38.30552597045899,39.66639652252197,41.91497909545898,41.55209312438965,38.814100151062014
2015-02-19,42.67598378807484,P,39.30069351196289,39.04224319458008,38.37280197143555,39.53383941650391,41.8146549987793,41.573200721740726,38.83901491165161
2015-02-20,44.052420435907344,A,40.832763671875,39.47521820068359,38.66589126586914,39.49620418548584,41.76824508666992,41.596372528076174,38.87080841064453
2015-02-23,45.13209390463121,A,40.34650039672852,39.81094055175781,39.00494384765625,39.42093296051026,41.70748146057129,41.620456809997556,38.896327896118166
2015-02-24,46.09138205906789,A,40.546329498291016,40.09736938476563,39.270056533813474,39.34666156768799,41.6556071472168,41.654151916503906,38.92470283508301
2015-02-25,46.326987857922745,A,40.37980270385742,40.28121795654297,39.531838989257814,39.30569553375244,41.58294776916504,41.67509117126465,38.95312438964844
2015-02-26,46.60604165448965,A,40.31319427490234,40.48371810913086,39.76298065185547,39.21910076141357,41.49110534667969,41.70599555969238,38.980040531158444
2015-02-27,46.07242335261703,A,40.29986953735352,40.377139282226565,39.926178741455075,39.224096870422365,41.40177322387695,41.74556007385254,39.005847969055175
2015-03-02,45.803701462149235,A,40.27322006225586,40.362483215332034,40.08671188354492,39.21610317230225,41.32169319152832,41.79378349304199,39.03152215957642
2015-03-03,45.257697232903986,A,39.713680267333984,40.195953369140625,40.146661376953126,39.1484920501709,41.265066680908205,41.83303970336914,39.05426834106445
2015-03-04,45.1914181603932,P,40.14665985107422,40.14932479858398,40.215271377563475,39.26039867401123,41.192504806518556,41.87332000732422,39.0789189529419
2015-03-05,44.22342739507192,A,37.875221252441406,39.661730194091795,40.072724151611325,39.22276306152344,41.07451416015625,41.902323722839355,39.09234256744385
2015-03-06,42.846254370568026,P,37.06256103515625,39.014268493652345,39.69570388793945,39.1807975769043,40.93008857727051,41.92009349822998,39.100725955963135
2015-03-09,41.43283512232087,P,36.99594879150391,38.35881423950196,39.360648727416994,39.18279628753662,40.78221527099609,41.93032108306885,39.10936243057251
2015-03-10,40.36386070991038,P,37.19578170776367,37.85523452758789,39.02559394836426,39.14782524108887,40.64944580078125,41.93011741638183,39.1182816696167
2015-03-11,39.16013936892443,P,37.7153549194336,37.36897354125976,38.759149169921876,39.145494079589845,40.53843948364258,41.931076545715335,39.129114875793455
2015-03-12,39.59677001879039,P,38.63458251953125,37.52084579467773,38.591287994384764,39.177134323120114,40.44581771850586,41.92390571594238,39.142199420928954
2015-03-13,40.578713004887106,B,38.63458251953125,37.83525009155274,38.42475929260254,39.17546901702881,40.347245864868164,41.91164413452148,39.15593534469605
2015-03-16,41.91652638664316,B,39.380638122558594,38.31218795776367,38.33550109863281,39.21110649108887,40.279991455078125,41.90552074432373,39.177504787445066
2015-03-17,43.38272422715784,C,39.78696060180664,38.830423736572264,38.34282913208008,39.2447452545166,40.225094909667966,41.90055168151856,39.20068246841431
2015-03-18,44.469768276445684,C,39.89355850219727,39.266064453125,38.31751899719239,39.26639518737794,40.13795043945313,41.90292942047119,39.22354642868042
2015-03-19,45.39349961804006,C,40.75948333740234,39.691044616699216,38.60594520568848,39.339334678649905,40.05886833190918,41.90603260040283,39.25259628295898
2015-03-20,46.00193298814495,C,40.23327255249024,40.010782623291014,38.92301635742188,39.30936012268067,39.99372489929199,41.88879940032959,39.277386817932125
2015-03-23,46.16464147502334,C,40.28655242919922,40.19196548461914,39.252076721191415,39.30636272430421,39.92991142272949,41.87348747253418,39.30296482086182
2015-03-24,45.879983514263465,C,39.720359802246094,40.178645324707034,39.50453453063965,39.26506423950196,39.87981986999512,41.85641445159912,39.32473487854004
2015-03-25,45.26691242379471,C,38.781131744384766,39.95615997314453,39.61111221313477,39.18513069152833,39.80681381225586,41.830742530822754,39.3409295463562
2015-03-26,43.72676487034922,B,38.14832305908203,39.43392791748047,39.562486267089845,39.07688713073731,39.731942596435545,41.79761852264404,39.35519763946533
2015-03-27,42.658434548222566,B,38.40145492553711,39.06756439208984,39.53917350769043,38.98196640014649,39.64015235900879,41.775025634765626,39.37362970352173
2015-03-30,41.63515799995306,B,38.79445266723633,38.769144439697264,39.4805549621582,38.90802803039551,39.55622207641601,41.74122249603271,39.39256130218506
2015-03-31,41.09725164981014,B,38.99429321289063,38.623931121826175,39.401288223266604,38.872058677673344,39.490809783935546,41.70902103424072,39.41301319122314
2015-04-01,40.69950837074149,B,38.03509140014648,38.47472305297852,39.21544151306152,38.76648025512696,39.41620498657227,41.667822647094724,39.424077320098874
2015-04-02,40.867236121056955,B,37.975135803222656,38.44008560180664,38.93700675964355,38.77147598266602,39.33667098999023,41.62688419342041,39.429924182891845
2015-04-03,40.93261818001112,B,37.975135803222656,38.35482177734375,38.7111930847168,38.81710472106934,39.26446434020996,41.58349952697754,39.43485918045044
2015-04-06,41.06881058495802,B,38.37480163574219,38.27089157104492,38.52001800537109,38.88604736328126,39.194921875,41.53723541259765,39.44293237686157
2015-04-07,41.20180556682331,B,38.91434860229492,38.25490264892578,38.43941688537598,38.97197570800782,39.13257369995117,41.489689331054684,39.452237873077394
2015-04-08,42.02699860218086,C,39.17414474487305,38.482713317871095,38.4787181854248,39.044915199279785,39.092074127197264,41.448377494812014,39.458869285583496
2015-04-09,43.167134533798354,C,40.17997741699219,38.923681640625,38.68188362121582,39.122184944152835,39.05477188110351,41.41917343139649,39.47017164230347
2015-04-10,44.744673887838665,C,41.29904174804688,39.588462829589844,38.971642303466794,39.255407905578615,39.076753768920895,41.38681312561035,39.487069320678714
2015-04-13,45.98497437409392,C,41.104270935058594,40.13435668945313,39.20262413024902,39.341589546203615,39.090177307128904,41.34972831726074,39.505663547515866
2015-04-14,47.0485416804261,C,41.45352554321289,40.64219207763672,39.44854736328125,39.42491779327393,39.09792976379394,41.314284858703616,39.53157278060913
2015-04-15,48.09436504227774,A,41.66171646118164,41.139706420898435,39.81120986938477,39.513325691223145,39.17299354553223,41.276691932678226,39.560737495422366
2015-04-16,48.633175079568076,A,42.03784942626953,41.5112808227539,40.217481231689455,39.57724399566651,39.24119186401367,41.242860336303714,39.589242687225344
2015-04-17,48.48054406936231,A,41.83634567260742,41.61874160766602,40.60360221862793,39.65739765167236,39.31988136291504,41.20370788574219,39.61808570861817
2015-04-20,48.9935246862947,A,42.67589569091797,41.93306655883789,41.03371162414551,39.7768648147583,39.43427978515625,41.17354591369629,39.65148748397827
2015-04-21,49.41579542536915,A,42.72291564941406,42.186944580078126,41.41456832885742,39.9269926071167,39.53083404541016,41.14279644012451,39.68975090026856
2015-04-22,49.83816290519673,A,43.33411407470703,42.5214241027832,41.83056526184082,40.154641723632814,39.642276763916016,41.123249740600585,39.73038120269776
2015-04-23,50.12111289952958,A,43.15277099609375,42.744408416748044,42.127844619750974,40.404864120483396,39.74529663085937,41.0948152923584,39.77053136825562
2015-04-24,50.948035637120874,A,44.3751335144043,43.252165985107425,42.43545379638672,40.70354804992676,39.85944152832031,41.07767890930176,39.81223234176636
2015-04-27,50.93895436057796,A,43.66991424560547,43.45096969604492,42.69201812744141,40.94732112884522,39.95948204040528,41.05540752410889,39.85339321136475
2015-04-28,51.36071923688264,A,44.65724182128906,43.83783493041992,43.012389755249025,41.230468559265134,40.07034317016601,41.04486080169678,39.89932668685913
2015-04-29,51.184147011555496,A,44.07963180541992,43.9869384765625,43.25418128967285,41.532695579528806,40.162724609375,41.03885185241699,39.94096113204956
2015-04-30,50.965570499716186,A,43.42814254760742,44.042012786865236,43.39321060180664,41.805345916748045,40.24527359008789,41.0299642944336,39.980650634765624
2015-05-01,50.11014690472277,A,43.19977951049805,43.806941986083984,43.529553985595705,42.06657810211182,40.29261390686035,41.03042949676514,40.0221515083313
2015-05-04,49.76384756856743,A,43.44157028198242,43.76127319335937,43.60612144470215,42.319916534423825,40.35451530456543,41.030998382568356,40.063023777008056
2015-05-05,48.618174549344616,A,42.89082336425781,43.407989501953125,43.62291221618652,42.518740272521974,40.40140518188477,41.028506164550784,40.10215955734253
2015-05-06,47.73783446944327,A,42.944557189941406,43.18097457885742,43.58395652770996,42.70726089477539,40.452700271606446,41.017824020385746,40.1405139541626
2015-05-07,47.391730379372824,A,43.45499801635742,43.18634567260742,43.61417922973633,42.871011924743655,40.515536346435546,41.003320846557614,40.18604721069336
2015-05-08,47.296867043858406,A,43.81767654418945,43.3099250793457,43.558433532714844,42.996943664550784,40.58589248657226,40.99383285522461,40.23293449401856
2015-05-11,47.15163570299157,P,43.79082107543945,43.37977523803711,43.57052421569824,43.13127117156982,40.65624450683594,40.98896884918213,40.27702962875366
2015-05-12,47.37949697843951,A,43.52886962890625,43.5073844909668,43.45768699645996,43.235038375854494,40.732548294067385,40.998807487487795,40.32145559310913
2015-05-13,47.74935115080067,A,43.85797500610352,43.69006805419922,43.43552131652832,43.34485130310058,40.806774597167966,40.999639701843265,40.36995523452759
2015-05-14,48.13929669068482,A,44.30797958374024,43.86066436767578,43.5235050201416,43.45835781097412,40.93542976379395,41.004971961975095,40.4194580078125
2015-05-15,48.54814015643702,A,44.32142639160156,43.9614143371582,43.63566970825195,43.582611846923825,41.08060707092285,41.00534782409668,40.46774835586548
2015-05-18,48.698747400484216,A,44.066184997558594,44.01648712158203,43.69813117980957,43.65212631225586,41.22201179504395,41.00211353302002,40.513154640197754
2015-05-19,49.05278744100746,A,44.146785736083984,44.14007034301758,43.823727416992185,43.72331981658935,41.36103187561035,41.0052388381958,40.56050615310669
2015-05-20,49.20618576025431,A,44.25424957275391,44.21932525634766,43.95469665527344,43.7693265914917,41.49180976867676,41.01512462615967,40.60590116500855
2015-05-21,48.83662857263746,A,44.09304428100586,44.17633819580078,44.01850128173828,43.8163402557373,41.60097900390625,41.023398361206056,40.648554248809816
2015-05-22,48.26931317257589,A,43.97887802124024,44.107828521728514,44.03462142944336,43.7965274810791,41.707864913940426,41.0275553894043,40.69158807754516
2015-05-25,47.994228238748484,A,43.97887802124024,44.09036712646485,44.053427124023436,43.81197566986084,41.799829711914064,41.039910583496095,40.73327657699585
2015-05-26,47.6588202023163,A,44.395286560058594,44.14006729125977,44.14006881713867,43.79887790679932,41.891996231079105,41.05854557037353,40.77383142471314
2015-05-27,47.70978848896291,A,45.254981994628906,44.34021377563477,44.27976951599121,43.857645416259764,41.99922470092773,41.06858757019043,40.81943946838379
2015-05-28,47.98957540935888,A,45.31544494628906,44.58469390869141,44.380516052246094,43.952010536193846,42.090343933105466,41.07460613250733,40.865677986145016
2015-05-29,48.29851679116444,A,44.72439193725586,44.73379669189453,44.42081260681152,44.02824115753174,42.18016632080078,41.086945610046385,40.90817375183106
2015-06-01,48.62210706083878,A,44.952754974365234,44.92857208251953,44.50946960449219,44.10380039215088,42.2734903717041,41.101700897216794,40.949612846374514
2015-06-02,48.82512409226575,A,44.74454498291016,44.99842376708985,44.56924552917481,44.196486473083496,42.373974075317385,41.12689697265625,40.99040466308594
2015-06-03,48.742788004767384,A,45.00648880004883,44.94872512817383,44.6444694519043,44.29958305358887,42.49848121643066,41.152647514343265,41.03267023086548
2015-06-04,48.823743534619304,A,45.28185272216797,44.94200668334961,44.763350296020505,44.39092578887939,42.64115180969238,41.18654720306397,41.07664079666138
2015-06-05,49.07314430315062,A,45.2684211730957,45.050812530517575,44.89230461120606,44.46346302032471,42.77849113464355,41.20932174682617,41.12159418106079
2015-06-08,49.29905848052123,A,45.53035736083984,45.1663330078125,45.04745254516602,44.55043983459473,42.913209228515626,41.23471565246582,41.167857246398924
2015-06-09,49.55120670496174,A,45.44976806640625,45.307377624511716,45.15290069580078,44.646484756469725,43.042318725585936,41.266564254760745,41.21440643310547
2015-06-10,49.861896320879204,A,45.83260345458984,45.47260055541992,45.210662841796875,44.74521617889404,43.1982689666748,41.307236976623535,41.261426010131835
2015-06-11,49.87333868925604,A,45.69827651977539,45.555885314941406,45.248945999145505,44.8147310256958,43.35273178100586,41.34470138549805,41.30767553329468
2015-06-12,49.642418411326226,A,45.03336334228516,45.508873748779294,45.279843139648435,44.85032787322998,43.49389633178711,41.379180335998534,41.34928802490234
2015-06-15,49.237302521913904,A,44.93932723999024,45.39066772460937,45.278500366210935,44.893984985351565,43.62518684387207,41.41005435943603,41.39164436340332
2015-06-16,48.74764787538836,A,44.84528350830078,45.269770812988284,45.28857421875,44.928909873962404,43.74380554199219,41.43818962097168,41.42900226593017
2015-06-17,48.40371541492927,A,45.51693344116211,45.20663681030273,45.33961868286133,44.992044067382814,43.87066131591797,41.48136772155762,41.46893096923828
2015-06-18,48.47003306706609,A,46.32962417602539,45.332906341552736,45.44439582824707,45.103873062133786,43.99365425109863,41.524213066101076,41.51075746536255
2015-06-19,49.04420201923287,A,46.665435791015625,45.65932083129883,45.58409729003906,45.238200950622556,44.100982131958006,41.58886795043945,41.55416460037232
2015-06-22,49.90541097309271,A,47.09527587890625,46.090510559082034,45.7405891418457,45.39402084350586,44.22080223083496,41.65548976898194,41.599556884765626
2015-06-23,50.75078864077455,A,47.02811813354492,46.52707748413086,45.89842414855957,45.525662422180176,44.3322940826416,41.715111923217776,41.64241493225098
2015-06-24,51.01865129510779,A,46.49080657958984,46.7218521118164,45.96424446105957,45.58745365142822,44.42887588500977,41.800934715271,41.67923957824707
2015-06-25,51.054470515312055,A,46.893798828125,46.834687042236325,46.083796691894534,45.66637134552002,44.525994873046876,41.88359336853027,41.718637008666995
2015-06-26,51.13209879936009,A,47.32365036010742,46.966329956054686,46.31282539367676,45.7963342666626,44.635740966796874,41.97781116485596,41.76146333694458
2015-06-29,49.96442170842763,A,45.12066650390625,46.571408081054685,46.33095932006836,45.80472984313965,44.68463638305664,42.059458084106446,41.79442314147949
2015-06-30,48.92621144351588,A,45.127384185791016,46.191261291503906,46.35916938781738,45.823871803283694,44.73272575378418,42.13177989959717,41.83119005203247
2015-07-01,48.55607410546952,A,46.01394271850586,46.09588851928711,46.40887031555176,45.87424449920654,44.786322326660155,42.214299545288085,41.867500648498535
2015-07-02,47.92831452261431,A,45.81244659423828,45.879618072509764,46.35715255737305,45.90077419281006,44.83951583862304,42.29240623474121,41.90624912261963
2015-07-03,46.76829492899889,P,45.81244659423828,45.57737731933594,46.271853637695315,45.927975463867185,44.868262100219724,42.36385181427002,41.941092834472656
2015-07-06,46.97265452073264,P,45.81917953491211,45.71707992553711,46.144244003295896,45.9424165725708,44.911247406005856,42.435364723205566,41.97816869735718
2015-07-07,47.214865082850345,P,46.04752731323242,45.90110855102539,46.04618492126465,45.97230453491211,44.93905311584473,42.50469814300537,42.01888004302978
2015-07-08,46.791929276308345,P,45.44305038452149,45.786930084228516,45.941409301757815,45.95282688140869,44.96632148742676,42.56452304840088,42.058308086395265
2015-07-09,46.74250127973185,P,45.65126037597656,45.75469284057617,45.81715545654297,45.95047607421875,45.01078384399414,42.62802871704102,42.10061471939087
2015-07-10,47.19840321096843,A,46.49751281738281,45.89170608520508,45.734541702270505,46.02368354797363,45.07673851013183,42.68467620849609,42.14052436828613
2015-07-13,47.87666617717758,A,47.07265472412109,46.142401123046874,45.929740524291994,46.13034992218017,45.14936019897461,42.75193775177002,42.18619728088379
2015-07-14,48.58890339839331,A,47.22828674316406,46.378553009033205,46.1398307800293,46.24950008392334,45.23610946655273,42.81875732421875,42.23645462036133
2015-07-15,49.53048415254645,A,47.19443893432617,46.72883071899414,46.25788040161133,46.33337535858154,45.32110710144043,42.88690368652344,42.28099742889404
2015-07-16,50.34273674358315,A,47.35683822631836,47.0699462890625,46.412319564819335,46.38473606109619,45.39914390563965,42.9573401260376,42.33166784286499
2015-07-17,50.739493312538336,A,47.35683822631836,47.24181137084961,46.566758728027345,46.41930618286133,45.46992713928223,43.02790981292725,42.38673494338989
2015-07-20,50.7864582806776,A,47.9049072265625,47.40826187133789,46.77533149719238,46.45978775024414,45.55220886230469,43.104226684570314,42.44900508880615
2015-07-21,50.64221676645814,A,47.72896957397461,47.5083984375,46.9434757232666,46.49483032226563,45.63621086120605,43.18437957763672,42.50870964050293
2015-07-22,50.675798527252006,A,47.74250793457031,47.618012237548825,47.173421478271486,46.55741539001465,45.71390151977539,43.26033805847168,42.56682903289795
2015-07-23,50.72036957958239,A,47.71544647216797,47.68973388671875,47.37984008789063,46.598497772216795,45.78205085754394,43.35874031066894,42.63053201675415
2015-07-24,50.04569534668443,A,46.06447982788086,47.43126220703125,47.33653678894043,46.53553924560547,45.81691192626953,43.44875949859619,42.68442649841309
2015-07-27,49.611651785097216,A,46.91703414916992,47.23368759155274,47.32097473144531,46.62535762786865,45.87392890930176,43.547970352172854,42.73914571762085
2015-07-28,49.799625604041296,A,48.19585800170898,47.32706527709961,47.417731857299806,46.77878131866455,45.954910354614256,43.6579711151123,42.79404426574707
2015-07-29,49.67049387443364,A,47.884613037109375,47.35548629760742,47.486749267578126,46.872314834594725,46.02751762390137,43.75966369628906,42.8453701210022
2015-07-30,49.22860165752638,A,47.47185516357422,47.30676803588867,47.49825096130371,46.955285263061526,46.09509384155273,43.84803642272949,42.88597106933594
2015-07-31,49.80348825376878,A,47.37038040161133,47.56794815063476,47.49960517883301,47.03318195343017,46.162923889160155,43.93539440155029,42.92351926803589
2015-08-03,49.66745016430602,A,47.180908203125,47.620722961425784,47.42720527648926,47.10126838684082,46.226964492797855,44.01339710235596,42.959458923339845
2015-08-04,48.84310374040095,A,47.32976913452149,47.447505187988284,47.387285232543945,47.16538047790527,46.28565414428711,44.088825187683106,42.99468843460083
2015-08-05,48.44049498854741,A,47.56658172607422,47.38389892578125,47.36969261169433,47.27155704498291,46.33188613891602,44.16555541992187,43.034242420196534
2015-08-06,47.96753551163099,P,46.849369049072266,47.25940170288086,47.283084869384766,47.3314624786377,46.36256462097168,44.22645427703858,43.066243438720704
2015-08-07,47.24735719702048,P,46.42987823486328,47.07130126953125,47.319624710083005,47.32808074951172,46.39667434692383,44.288420333862305,43.08860986709595
2015-08-10,46.89178926639611,P,46.82905960083008,47.00093154907226,47.31082725524902,47.31590099334717,46.43420043945312,44.35384540557861,43.113666439056395
2015-08-11,46.28972659464885,P,46.17950820922852,46.77087936401367,47.109192276000975,47.26346206665039,46.462899703979495,44.41843688964844,43.13742567062378
2015-08-12,45.70237402448574,P,46.51781845092773,46.561126708984375,46.972512817382814,47.22963104248047,46.49312629699707,44.49580375671387,43.16327314376831
2015-08-13,45.54029950618209,P,46.375736236572266,46.466400146484375,46.86290092468262,47.180575942993165,46.51500396728515,44.57807788848877,43.187848205566404
2015-08-14,45.579583682286646,P,46.45014572143555,46.47045364379883,46.77087745666504,47.13524131774902,46.53863845825195,44.658564796447756,43.21679521560669
2015-08-17,45.60470243947436,P,46.93732452392578,46.49210662841797,46.74651908874512,47.08686218261719,46.56677780151367,44.739993515014646,43.24060800552368
2015-08-18,45.963313405863595,P,46.59225463867188,46.57465591430664,46.672767639160156,47.03002643585205,46.589627532958986,44.815973129272464,43.26249708175659
2015-08-19,46.005204143376936,P,46.40956497192383,46.55300521850586,46.55706596374512,46.963379287719725,46.60116676330566,44.89971786499024,43.28377025604248
2015-08-20,45.74192556556713,P,45.65851211547852,46.40956039428711,46.43798027038575,46.86053256988525,46.600371475219724,44.976551628112794,43.3017179107666
2015-08-21,45.05661072531624,P,44.58944320678711,46.03741989135742,46.25393676757813,46.786780738830565,46.59149307250976,45.04269470214844,43.313097114562986
2015-08-24,43.35259744882536,P,42.93172836303711,45.23630065917969,45.86420364379883,46.58751544952393,46.5513410949707,45.088263969421384,43.31274969100952
2015-08-25,40.851421869781795,P,41.07776641845703,44.13340301513672,45.35402946472168,46.23161087036133,46.475990753173825,45.10989814758301,43.29979373931885
2015-08-26,39.211126479075006,P,42.72197341918945,43.39588470458985,44.97444496154786,45.97347888946533,46.42009155273438,45.145376434326174,43.296876964569094
2015-08-27,38.2963603558742,B,43.6489486694336,42.99397201538086,44.70176620483399,45.782333564758304,46.36647804260254,45.180066146850585,43.29961978912353
2015-08-28,37.54391368007199,B,43.29034423828125,42.734152221679686,44.38578605651856,45.578331756591794,46.29897621154785,45.19997917175293,43.29339614868164
2015-08-31,37.44418427098384,B,42.22803497314453,42.593413543701175,43.91485710144043,45.330688095092775,46.20163139343262,45.21121681213379,43.28047256469726
2015-09-01,37.89086293204746,B,40.9356803894043,42.564996337890626,43.34919967651367,45.01098365783692,46.0797826385498,45.206038360595706,43.26016160964966
2015-09-02,37.532636299463036,B,41.26045989990234,42.2726936340332,42.834289169311525,44.69567756652832,45.97517570495606,45.20202579498291,43.23935886383057
2015-09-03,36.83184082634531,B,41.66643142700195,41.876190185546875,42.43508110046387,44.436530685424806,45.870628356933594,45.19831161499023,43.22058597564697
2015-09-04,35.87475887496263,B,40.44174575805664,41.306470489501955,42.02031135559082,44.13712406158447,45.73299026489258,45.184365615844726,43.19403675079346
2015-09-07,35.60235861407591,B,40.44174575805664,40.949212646484376,41.77131309509277,43.8177583694458,45.63941184997559,45.162024116516115,43.167785015106205
2015-09-08,36.31253222293294,B,40.98304748535156,40.95868606567383,41.761841201782225,43.557935333251955,45.5565251159668,45.144625434875486,43.1437109375
2015-09-09,36.40343148050342,B,40.09667205810547,40.725928497314456,41.49931106567383,43.23687801361084,45.43817970275879,45.11225101470947,43.11775037765503
2015-09-10,36.29399184897456,B,40.31319046020508,40.45528030395508,41.16573524475098,42.93375072479248,45.328194580078126,45.08385520935059,43.08933525085449
2015-09-11,36.6512535644731,B,40.15755844116211,40.39844284057617,40.852456665039064,42.619121360778806,45.2150968170166,45.04167945861816,43.05967918395996
2015-09-14,36.618945140780255,B,39.88015365600586,40.28612442016602,40.617668533325194,42.26626281738281,45.09631629943848,45.00378185272217,43.02959468841553
2015-09-15,36.04458469394874,B,40.05606842041016,40.100728607177736,40.52970733642578,41.939453506469725,44.97648712158203,44.95777011871338,43.00131546020508
2015-09-16,36.4630396932322,B,40.26581573486328,40.1345573425293,40.430242919921874,41.6322660446167,44.872942428588864,44.91963195800781,42.979241905212405
2015-09-17,37.05693540213263,B,40.50264739990234,40.17244873046875,40.31386451721191,41.37447280883789,44.769970169067385,44.89037700653076,42.960170650482176
2015-09-18,38.23313016636322,B,41.42285919189453,40.42550888061523,40.4119758605957,41.21614360809326,44.668477096557616,44.87260780334473,42.95151865005493
2015-09-21,38.98153732327635,B,40.18463516235352,40.48640518188476,40.38626480102539,41.078788948059085,44.53071670532226,44.840038452148434,42.935518417358395
2015-09-22,39.19573713796438,B,39.068206787109375,40.28883285522461,40.19478073120117,40.9783109664917,44.367515106201175,44.80181228637695,42.91515922546387
2015-09-23,38.91703985070246,B,38.85845184326172,40.0073600769043,40.0709587097168,40.785134887695314,44.200795364379886,44.76095123291016,42.88938762664795
2015-09-24,38.05678463851044,B,38.27655792236328,39.56214218139648,39.86729545593262,40.5165153503418,44.01918975830078,44.709166831970215,42.85624383926392
2015-09-25,36.19095286128011,B,37.714962005615234,38.820562744140624,39.62303581237793,40.237746238708496,43.826352233886716,44.64813968658447,42.82098627090454
2015-09-28,34.048305175466815,B,35.52269744873047,37.88817520141602,39.18729019165039,39.902479362487796,43.57870803833008,44.56545845031738,42.777213649749754
2015-09-29,32.73846651971951,B,35.71892166137695,37.218318176269534,38.75357551574707,39.64164142608642,43.338507080078124,44.48735897064209,42.74308322906494
2015-09-30,32.04216189085915,B,36.81504821777344,36.809637451171874,38.408498764038086,39.41937084197998,43.11995788574219,44.416929702758786,42.70828470230103
2015-10-01,32.03093448013828,B,37.30221176147461,36.61476821899414,38.08845520019531,39.20115985870361,42.91169319152832,44.34687202453613,42.67592199325561
2015-10-02,32.72907623484961,B,37.76909637451172,36.62559509277344,37.723078918457034,39.06752738952637,42.745785522460935,44.28134872436524,42.64334827423096
2015-10-05,34.80515651486329,B,38.35098648071289,37.191252899169925,37.53971405029297,38.96298942565918,42.574464569091795,44.22419673919678,42.6131551361084
2015-10-06,35.96850960880712,B,37.26839447021485,37.5011474609375,37.35973281860352,38.77725677490234,42.355915298461916,44.15541282653808,42.580325832366945
2015-10-07,36.85573312058053,B,37.64052963256836,37.66624374389649,37.23794059753418,38.65444965362549,42.151033630371096,44.08927562713623,42.552200126647946
2015-10-08,37.644599553829586,B,37.91795349121094,37.78939208984375,37.202080154418944,38.53468780517578,41.95995559692383,44.02752471923828,42.52546154022217
2015-10-09,37.95365589516259,B,37.64730072021485,37.76503295898438,37.19531402587891,38.40917491912842,41.7654940032959,43.96420894622803,42.49588216781616
2015-10-12,37.85401296890178,B,37.735260009765625,37.64188766479492,37.41657028198242,38.3019302368164,41.57658103942871,43.90177276611328,42.47084167480469
2015-10-13,37.89871507600296,C,36.73828125,37.535865020751956,37.51850624084473,38.1360408782959,41.36475128173828,43.82520271301269,42.44187414169311
2015-10-14,37.549095720822386,B,36.83386993408203,37.374533081054686,37.52038841247558,37.964443588256835,41.150097045898434,43.74099159240723,42.40478958129883
2015-10-15,37.66332783263285,B,38.3361930847168,37.45818099975586,37.623786544799806,37.856120872497556,40.97983352661133,43.671199073791506,42.37290260314941
2015-10-16,38.032460728948365,B,38.60249710083008,37.6492202758789,37.70712661743164,37.71510276794434,40.82328590393067,43.60998012542725,42.348462867736814
2015-10-19,38.03393649440279,C,38.34984970092773,37.77213821411133,37.70701293945312,37.62336349487305,40.65370170593262,43.54395107269287,42.32282598495483
2015-10-20,38.4049643799929,C,37.44162368774414,37.91280670166016,37.72433586120606,37.54203433990479,40.47894401550293,43.47092185974121,42.29890941619873
2015-10-21,38.64614304630036,C,36.75876235961914,37.89778518676758,37.636159133911136,37.437049865722656,40.28376289367676,43.388444595336914,42.27054605484009
2015-10-22,36.39425087671497,B,32.96201705932617,36.822949981689455,37.14056549072266,37.1713228225708,40.01548851013184,43.2652462387085,42.22589672088623
2015-10-23,34.63688559034317,B,34.37555313110352,35.97756118774414,36.81339073181152,37.00435237884521,39.773996658325196,43.15631755828858,42.18281965255737
2015-10-26,33.63358504139327,B,35.420345306396484,35.39166030883789,36.58189926147461,36.99923477172852,39.54365707397461,43.05521743774414,42.14496654510498
2015-10-27,33.097701838832705,B,35.905174255371094,35.08437042236328,36.49858856201172,37.008547401428224,39.32991546630859,42.95977149963379,42.11316787719726
2015-10-28,33.16845003903559,B,36.3695182800293,35.00652160644531,36.45215339660645,36.986270904541016,39.1291145324707,42.86514064788818,42.08618881225586
2015-10-29,35.77371700856839,B,36.94313049316406,35.80274429321289,36.31284713745117,36.968316841125485,38.954806900024415,42.77758918762207,42.061145286560055
2015-10-30,39.2806931876265,C,40.66475677490234,37.060585021972656,36.5190731048584,37.11309986114502,38.87631317138672,42.733903121948245,42.056541728973386
2015-11-02,43.26194559057154,C,43.28014373779297,38.632544708251956,37.01210250854492,37.359557723999025,38.883281478881834,42.71731128692627,42.06368282318115
2015-11-03,46.67231378503942,C,42.63141632080078,39.97779312133789,37.53108177185059,37.62770881652832,38.91435447692871,42.69517261505127,42.06668111801147
2015-11-04,50.17449780679282,C,43.56694030761719,41.41727752685547,38.21189956665039,37.92402935028076,38.931253814697264,42.67567268371582,42.07852020263672
2015-11-05,52.88962683523922,C,42.86358642578125,42.6013687133789,39.2020565032959,38.17131099700928,38.915546569824215,42.641012306213376,42.082612686157226
2015-11-06,53.932641668589184,A,43.79228591918945,43.22687454223633,40.143729782104494,38.478560256958005,38.92558540344238,42.61228080749512,42.10057437896729
2015-11-09,53.14344904129319,A,43.17771530151367,43.20638885498047,40.91946678161621,38.75068302154541,38.94457901000977,42.57310520172119,42.114297485351564
2015-11-10,52.319785121748374,A,42.54264450073242,43.1886344909668,41.583213806152344,39.04090118408203,38.97671829223633,42.528250465393064,42.12168119430542
2015-11-11,50.677692911276644,A,41.55931854248047,42.78711013793945,42.10219383239746,39.277173614501955,38.98269546508789,42.47893558502197,42.139935150146485
2015-11-12,48.84708855601421,A,41.12910461425781,42.44021377563477,42.52079124450684,39.416819190979005,38.97194892883301,42.4212886428833,42.152441005706784
2015-11-13,46.58984706975115,A,40.8764533996582,41.85704727172852,42.541960906982425,39.53051700592041,38.980643081665036,42.35681667327881,42.16731391906738
2015-11-16,45.07350414444722,A,40.9788818359375,41.41728057861328,42.311834716796874,39.6619686126709,38.991385803222656,42.31539882659912,42.18742845535278
2015-11-17,43.952512274293476,A,41.231536865234375,41.155059051513675,42.17184677124023,39.85146427154541,38.996355590820315,42.27644035339355,42.20411012649536
2015-11-18,43.63271625485411,P,41.64808654785156,41.17281265258789,41.97996139526367,40.09593048095703,39.02738388061523,42.23278179168701,42.22354066848755
2015-11-19,43.92962336509003,P,41.347633361816406,41.21651840209961,41.828366088867185,40.515211296081546,39.04807273864746,42.18813365936279,42.240269947052
2015-11-20,44.780716785723264,P,41.73003005981445,41.38723373413086,41.62214050292969,40.88293514251709,39.07952217102051,42.14730949401856,42.25558065414429
2015-11-23,45.61063398771494,A,41.75735092163086,41.54292755126953,41.48010406494141,41.19978542327881,39.11706611633301,42.106691207885746,42.271027965545656
2015-11-24,46.116671909030295,A,41.74369430541992,41.64535903930664,41.40020904541016,41.49171142578125,39.1508186340332,42.06365287780762,42.28417551040649
2015-11-25,46.07108866006396,A,41.17008590698242,41.54975891113281,41.36128578186035,41.7317398071289,39.168904037475585,42.02092323303223,42.292723140716554
2015-11-26,45.77438825800633,A,41.17008590698242,41.51424942016602,41.36538391113281,41.943087577819824,39.18225280761719,41.97611148834228,42.30207010269165
2015-11-27,44.939207604362366,P,40.972049713134766,41.36265335083008,41.374943542480466,41.958452224731445,39.17323661804199,41.9208568572998,42.30276653289795
2015-11-30,43.380273570094225,P,39.70874786376953,40.95293273925781,41.24793014526367,41.77988243103027,39.16371887207031,41.84721778869629,42.29957777023316
2015-12-01,42.214500856749005,P,40.30283737182617,40.66476135253906,41.15506019592285,41.66345348358154,39.18841148376465,41.77796329498291,42.29836030960083
2015-12-02,40.88257180377861,P,39.41511154174805,40.31376647949219,40.9317626953125,41.455862045288086,39.19954467773437,41.700170021057126,42.293536853790286
2015-12-03,39.1412305859941,B,38.32252883911133,39.74425506591797,40.62925224304199,41.22880916595459,39.20046409606934,41.60982692718506,42.28358352661133
2015-12-04,38.227645002979216,B,39.046363830566406,39.359117889404295,40.36088562011719,40.991513061523435,39.22709213256836,41.52672218322754,42.27731599807739
2015-12-07,38.077596212841044,B,38.42494201660156,39.1023567199707,40.02764472961426,40.75387439727783,39.285137023925785,41.43192253112793,42.26807460784912
2015-12-08,37.696125779050654,B,38.69809722900391,38.78140869140625,39.72308502197266,40.56164703369141,39.34472053527832,41.34161380767822,42.262996692657474
2015-12-09,37.71630162071016,B,38.26106643676758,38.55059967041016,39.43218307495117,40.396734428405765,39.373640899658206,41.2467993927002,42.253568725585936
2015-12-10,38.29098809503112,B,38.0903549194336,38.50416488647461,39.12420997619629,40.244796943664554,39.38940376281738,41.150548477172855,42.2546443939209
2015-12-11,38.06607698549272,B,36.90216445922852,38.07532501220703,38.71722145080567,40.046082496643066,39.37206512451172,41.05892532348633,42.25384241104126
2015-12-14,38.38254175797321,B,37.85816955566406,37.961970520019534,38.53216361999512,39.89004688262939,39.36220878601074,40.96833667755127,42.25815351486206
2015-12-15,38.76093887260286,P,38.50690460205078,37.92373199462891,38.352570343017575,39.753815269470216,39.38697898864746,40.87144714355469,42.2647091293335
2015-12-16,39.63319725329498,P,39.353660583496094,38.14225082397461,38.346425247192386,39.63909397125244,39.42124160766602,40.78613761901856,42.27290065765381
2015-12-17,40.072223982808644,P,38.50008010864258,38.224195861816405,38.364180374145505,39.49671630859375,39.43288414001465,40.69641986846924,42.272228145599364
2015-12-18,40.91653562273384,P,38.06303405761719,38.45636978149414,38.26584739685059,39.31336650848389,39.44119880676269,40.6033464050293,42.2693704032898
2015-12-21,41.23055730145559,P,38.37715530395508,38.560166931152345,38.261068725585936,39.1443567276001,39.454036712646484,40.5153088760376,42.26435298919678
2015-12-22,41.71790207420526,B,39.32633972167969,38.724053955078126,38.323892974853514,39.023488998413086,39.50579788208008,40.435274581909184,42.26204988479614
2015-12-23,41.98808672967741,C,40.00237655639648,38.853797149658206,38.498023986816406,38.96510353088379,39.56916801452637,40.35963253021241,42.26259397506714
2015-12-24,42.53482689949434,C,39.92043685913086,39.13786849975586,38.68103218078613,38.90262107849121,39.60085289001465,40.29034320831299,42.25839874267578
2015-12-25,43.4207244587811,C,39.92043685913086,39.5093490600586,38.982859420776364,38.850040435791016,39.62721168518066,40.22524879455567,42.25683456420899
2015-12-28,44.302487332897726,C,40.11846923828125,39.85761184692383,39.208889389038085,38.870526504516604,39.66258407592773,40.15814289093018,42.255994148254395
2015-12-29,44.91042714925294,C,40.596466064453125,40.111637115478516,39.41784553527832,38.885207939147946,39.725680923461915,40.10231246948242,42.26037467956543
2015-12-30,45.31572010007807,A,40.83547592163086,40.27825698852539,39.566027069091795,38.95622615814209,39.807215194702145,40.04548904418946,42.27064640045166
2015-12-31,45.953175901758705,A,40.45307540893555,40.38478469848633,39.76132659912109,39.0627534866333,39.957036361694335,39.98626243591309,42.28217016220093
2016-01-01,46.268235333807894,A,40.45307540893555,40.491312408447264,40.00033073425293,39.13308906555176,40.07858680725098,39.92629173278809,42.29242826461792
2016-01-04,45.932215180623565,A,39.34000015258789,40.335618591308595,40.09661521911621,39.17884197235107,40.156979904174804,39.85031848907471,42.29515600204468
2016-01-05,45.24580562631035,A,39.17611312866211,40.05154800415039,40.08159255981445,39.20274276733399,40.22239868164063,39.77615707397461,42.29606510162353
2016-01-06,44.45785248738887,A,39.18294143676758,39.72104110717773,39.99964904785156,39.248836517333984,40.27866714477539,39.703890838623046,42.30180435180664
2016-01-07,43.4489788915663,A,39.06684112548828,39.44379425048828,39.914289474487305,39.29766082763672,40.32114135742187,39.637974128723144,42.307262878417966
2016-01-08,41.99344004602881,P,38.0015754699707,38.953494262695315,39.722403335571286,39.352631378173825,40.26787773132324,39.57209545135498,42.30739507675171
2016-01-11,40.57217887279352,B,36.79290771484375,38.44407577514649,39.38984718322754,39.29936828613281,40.13813301086426,39.510707244873046,42.29948560714722
2016-01-12,39.74382773949693,B,37.44845581054688,38.09854431152344,39.075046157836915,39.24644584655762,40.03447380065918,39.47441413879395,42.29215614318848
2016-01-13,37.77005237134724,B,35.31623458862305,37.32520294189453,38.523122024536136,39.04457454681396,39.8694596862793,39.40035675048828,42.272866592407226
2016-01-14,36.91087731341287,B,37.64857864379883,37.04155044555664,38.24267234802246,39.00199947357178,39.76515953063965,39.34035305023193,42.26020959854126
2016-01-15,37.573843369015755,B,39.56686782836914,37.35460891723633,38.15405158996582,39.07719116210937,39.68065116882324,39.303118286132815,42.25154872894287
2016-01-18,39.155388057758955,B,39.56686782836914,37.909400939941406,38.17673835754395,39.13667678833008,39.608434219360355,39.27650661468506,42.24386171340942
2016-01-19,39.61387080029592,B,37.94527816772461,38.008765411376956,38.0536548614502,39.067623710632326,39.51648689270019,39.246602592468264,42.22632047653198
2016-01-20,42.21385092341679,B,39.43576431274414,38.832671356201175,38.07893714904785,39.039293098449704,39.47401580810547,39.22835563659668,42.215190715789795
2016-01-21,43.73916851459919,C,40.27071762084961,39.35709915161133,38.19932479858399,39.056807136535646,39.456848068237306,39.214398498535154,42.206355056762696
2016-01-22,44.35400785310386,C,40.59503173828125,39.56273193359375,38.458670425415036,39.09053688049316,39.451219635009764,39.2159313583374,42.20014848709106
2016-01-25,44.63885291850329,C,40.4708251953125,39.74352340698242,38.82646217346191,39.108154678344725,39.441058502197265,39.21622215270996,42.189123134613034
2016-01-26,45.692037345151384,C,40.20170974731445,40.19480972290039,39.10178756713867,39.08841686248779,39.42046195983887,39.20840877532959,42.17651710510254
2016-01-27,45.417373292277034,C,39.40818405151367,40.189293670654294,39.510982513427734,39.017052268981935,39.375663909912106,39.20152389526367,42.156887454986574
2016-01-28,44.372830865831965,C,38.53871536254883,39.84289321899414,39.599996185302736,38.9213342666626,39.31948554992676,39.18377914428711,42.133817176818845
2016-01-29,42.66457551890357,B,37.883182525634766,39.300523376464845,39.431627655029295,38.79283962249756,39.242548599243165,39.16103538513184,42.101357421875
2016-02-01,40.9246924486057,B,37.53125762939453,38.71260986328125,39.22806663513184,38.70240249633789,39.15802673339844,39.137546424865725,42.070664138793944
2016-02-02,39.25680125529407,B,37.227638244628906,38.11779556274414,39.15630264282227,38.60497875213623,39.067705612182614,39.10926212310791,42.03351612091065
2016-02-03,38.873772576505594,B,39.22185516357422,38.08052978515625,39.134911727905276,38.60692443847656,39.02874099731445,39.09882251739502,42.00922723770142
2016-02-04,39.23015539359088,B,39.1666374206543,38.20611419677734,39.02450370788574,38.611914253234865,38.98867202758789,39.08546241760254,41.98791971206665
2016-02-05,39.16654479697286,B,36.654911041259766,37.96045989990235,38.63049163818359,38.54458103179932,38.90232925415039,39.03778293609619,41.95519536972046
2016-02-08,39.3165324811023,B,36.496192932128906,37.75344696044922,38.233028411865234,38.52974529266358,38.83807815551758,39.00089851379394,41.92046848297119
2016-02-09,39.67497837719103,B,36.9033203125,37.68858337402344,37.903189468383786,38.50248851776123,38.770087814331056,38.97924964904785,41.8905309677124
2016-02-10,38.911779632664256,B,36.37889862060547,37.119992065429685,37.60026092529297,38.55562171936035,38.709363555908205,38.95445411682129,41.85770267486572
2016-02-11,37.924454486683395,B,36.00627136230469,36.487918853759766,37.34701652526856,38.47350635528564,38.66303840637207,38.9317512512207,41.820459041595456
2016-02-12,38.31968171025537,B,36.28228378295898,36.41339340209961,37.186926651000974,38.30927715301514,38.607756805419925,38.91742446899414,41.78278207778931
2016-02-15,38.70617123849641,B,36.28228378295898,36.370611572265624,37.06202926635742,38.145047950744626,38.56490364074707,38.92502033233642,41.745239391326905
2016-02-16,39.23063800770271,B,36.92402648925781,36.374752807617185,37.03166809082031,38.093985366821286,38.529422225952146,38.93707138061524,41.712215175628664
2016-02-17,40.15680725890119,B,37.95907974243164,36.69078903198242,36.90539054870605,38.020151138305664,38.52338249206543,38.94851169586182,41.6827206993103
2016-02-18,41.09174846773636,B,37.64166259765625,37.01786727905274,36.75289306640625,37.88869838714599,38.514408645629885,38.95190620422363,41.649389114379886
2016-02-19,41.81926741601063,B,37.46225738525391,37.25386199951172,36.833627700805664,37.73205966949463,38.52561050415039,38.94883781433106,41.615093269348144
2016-02-22,42.629653102443626,B,38.14539337158203,37.62648391723633,36.99854774475098,37.61578807830811,38.53135498046875,38.946781883239744,41.58548931121826
2016-02-23,42.89390271781775,C,38.00049591064453,37.84177780151367,37.10826530456543,37.50572738647461,38.52122680664063,38.95410289764404,41.554757862091066
2016-02-24,42.819002101656245,C,37.87628555297852,37.825218963623044,37.25800399780273,37.42913246154785,38.49167930603027,38.95646045684814,41.52286804199219
2016-02-25,43.525442329526776,C,38.78023147583008,38.05293273925781,37.535400009155275,37.44120826721191,38.497282333374024,38.96508323669433,41.496303977966306
2016-02-26,44.101376778824374,C,38.642234802246094,38.28892822265625,37.77139511108398,37.47916088104248,38.5088663482666,38.97503257751465,41.46962076187134
2016-02-29,43.88413125435614,C,37.68307113647461,38.19646377563477,37.91147384643555,37.486751556396484,38.49498466491699,38.97451068878174,41.43814172744751
2016-03-01,44.329688454759484,C,38.876834869384766,38.37173156738281,38.10675468444824,37.569211387634276,38.485994567871096,38.99589622497559,41.41054946899414
2016-03-02,44.40865070271363,C,38.43521118164063,38.48351669311524,38.15436782836914,37.5298791885376,38.454651260375975,39.01190963745117,41.3764506149292
2016-03-03,43.808102972132666,C,38.59392166137695,38.44625473022461,38.24959373474121,37.50124340057373,38.4281209564209,39.014486923217774,41.342842998504636
2016-03-04,43.49562923458287,C,38.7457389831543,38.46695556640625,38.37794189453125,37.605784797668456,38.404626998901364,39.015919342041016,41.31294973373413
2016-03-07,43.852294267113486,C,38.91823959350586,38.7139892578125,38.455226516723634,37.7268871307373,38.38062240600586,39.0216032409668,41.28277715682984
2016-03-08,43.213859437512745,C,38.17300415039063,38.57322311401367,38.47247734069824,37.790371322631835,38.33215316772461,39.02891704559326,41.249919452667235
2016-03-09,43.5490203363861,C,38.91133880615234,38.66844863891602,38.575982666015626,37.91699333190918,38.29367042541504,39.05044281005859,41.21944370269775
2016-03-10,43.999931363722794,C,38.80093765258789,38.709851837158205,38.5780532836914,38.05672664642334,38.26062767028809,39.10883201599121,41.187039127349856
2016-03-11,44.519938633971584,C,39.83599090576172,38.92790222167969,38.69742889404297,38.234412002563474,38.24828598022461,39.16343639373779,41.15987697601318
2016-03-14,44.81111965873188,C,39.47716522216797,39.03968734741211,38.876838302612306,38.39415607452393,38.25102928161621,39.20400459289551,41.129611015319824
2016-03-15,45.027106378649876,C,38.38001251220703,39.08108901977539,38.82715606689453,38.46695537567139,38.23510726928711,39.22875297546387,41.094262237548826
2016-03-16,44.83065330497743,C,38.85613632202149,39.07004852294922,38.86924858093262,38.511808204650876,38.22857116699219,39.25361915588379,41.05937990188599
2016-03-17,44.29776793200548,C,38.17300415039063,38.944461822509766,38.82715682983399,38.5383752822876,38.21069442749023,39.26591789245605,41.021753540039064
2016-03-18,43.55427876555125,C,39.03554916381836,38.7843734741211,38.8561378479004,38.61703987121582,38.231373901367185,39.249625816345215,40.99176446914673
2016-03-21,42.65557117044488,B,38.64911651611328,38.61876373291015,38.82922554016114,38.64222602844239,38.26849807739258,39.203315544128415,40.960313415527345
2016-03-22,43.03407858439809,C,39.67728042602539,38.87821731567383,38.97965316772461,38.726065254211434,38.313074569702145,39.17377418518066,40.93447340011597
2016-03-23,42.929674456476285,C,38.8906364440918,38.88511734008789,38.97758293151856,38.776782798767094,38.38456260681152,39.127011146545414,40.901341915130615
2016-03-24,42.95735923374869,C,38.72502517700195,38.995521545410156,38.96999168395997,38.77402248382569,38.40609153747559,39.08562553405762,40.8633189201355
2016-03-25,42.44249447141059,C,38.72502517700195,38.933416748046874,38.85889511108399,38.778162002563484,38.38925468444824,39.03495292663574,40.82361686706543
2016-03-28,42.33735931753292,C,38.7181282043457,38.94721908569336,38.782991409301765,38.829914855957036,38.37227989196777,38.99035705566406,40.78173112869263
2016-03-29,41.81908351976427,C,39.36676025390625,38.88511505126953,38.88166618347169,38.85441112518311,38.400709533691405,38.9585982131958,40.743424339294435
2016-03-30,41.80151626424157,C,39.33226776123047,38.97344131469727,38.92927932739258,38.899263954162606,38.398639602661135,38.9363277053833,40.70763164520264
2016-03-31,42.02665502704679,C,39.41505432128906,39.111447143554685,39.05348434448242,38.94032058715821,38.38152633666992,38.919187202453614,40.670237922668456
2016-04-01,42.59393477443152,C,39.62207794189453,39.2908576965332,39.11213722229004,38.98413753509522,38.36206726074219,38.90664344787598,40.63173006057739
2016-04-04,43.666517033683895,C,40.85724639892578,39.71868133544922,39.33295021057129,39.081087875366215,38.369795684814456,38.90542709350586,40.61041296005249
2016-04-05,44.10658101045821,C,40.39492034912109,39.924313354492185,39.40471420288086,39.19218368530274,38.37365989685058,38.89706092834473,40.58675064086914
2016-04-06,44.926896888862,C,41.326473236083984,40.32315444946289,39.64829788208008,39.312940406799314,38.412025680541994,38.893844795227054,40.56331329345703
2016-04-07,45.56886186768654,C,40.91935348510742,40.62401428222656,39.867730712890626,39.41886119842529,38.45963844299317,38.88956199645996,40.538847827911376
2016-04-08,45.89021889286082,C,40.34661483764648,40.76892166137695,40.02988967895507,39.444392395019534,38.5089070892334,38.875727844238284,40.51151866912842
2016-04-11,45.4196020226968,C,40.36731719970703,40.670935821533206,40.194808578491205,39.48889999389648,38.56562828063965,38.86182750701904,40.484259357452395
2016-04-12,45.8192707162597,C,41.326473236083984,40.85724639892578,40.390779876708976,39.636223030090335,38.64760498046875,38.85765529632568,40.46065408706665
2016-04-13,45.47243542884048,C,41.145355224609375,40.82102279663086,40.57208862304687,39.75068397521973,38.68607498168945,38.85740798950195,40.43916561126709
2016-04-14,45.39412779845773,C,41.298614501953125,40.896875,40.760444641113274,39.90696449279785,38.72871452331543,38.85869327545166,40.41740238189697
2016-04-15,45.841687656572056,C,41.45883560180664,41.119319152832034,40.944120407104485,40.02812881469726,38.824793014526364,38.863561134338376,40.39220899581909
2016-04-18,46.463457596934795,A,41.71661376953125,41.38917846679688,41.030057144165035,40.181503677368156,38.929201431274414,38.88363979339599,40.36542879104614
2016-04-19,46.43099956189835,A,41.91864776611328,41.50761337280274,41.18242988586426,40.29357204437255,39.02950798034668,38.899797897338864,40.33888059616089
2016-04-20,46.86047731314349,A,42.13462448120117,41.705467224121094,41.263245010375975,40.45577144622802,39.14462249755859,38.9269930267334,40.313581523895266
2016-04-21,47.499761717697,A,42.754642486572266,41.996672821044925,41.44677391052246,40.657252311706536,39.27958992004395,38.97131416320801,40.29057054519653
2016-04-22,47.96906782002234,A,42.78948974609375,42.262803649902345,41.691061401367186,40.860475540161126,39.40973403930664,39.00874542236328,40.26773380279541
2016-04-25,48.20540903080218,A,42.47597503662109,42.414675903320315,41.9019271850586,41.048367881774894,39.53360786437988,39.049255752563475,40.2405891418457
2016-04-26,48.34079654185623,A,42.4481086730957,42.5205680847168,42.01409072875977,41.20243530273437,39.64408950805664,39.08675586700439,40.21418483734131
2016-04-27,48.19963565726792,A,42.28788757324219,42.551220703125,42.128343963623045,41.35021629333495,39.73066566467285,39.12702407836914,40.186911735534665
2016-04-28,47.758935968874546,A,42.63622283935547,42.52753677368164,42.26210479736328,41.51127471923827,39.830556869506836,39.17248275756836,40.161515617370604
2016-04-29,47.33659192087544,A,42.496883392333984,42.469015502929686,42.365909576416016,41.65501499176025,39.931249389648436,39.22842994689941,40.14367763519287
2016-05-02,47.03829236832578,A,42.803409576416016,42.53450241088867,42.47458915710449,41.75232315063476,40.024409713745115,39.27788234710693,40.1231095123291
2016-05-03,47.02214066734683,A,43.03331756591797,42.651544189453126,42.58605613708496,41.88424301147461,40.125066146850585,39.323146476745606,40.09729681015015
2016-05-04,46.93818985834907,A,42.81734848022461,42.75743637084961,42.65432853698731,41.95878677368164,40.22388740539551,39.35778335571289,40.07196048736572
2016-05-05,46.98051098937521,A,43.430423736572266,42.91627655029297,42.721906661987305,42.084340286254886,40.316891250610354,39.407086791992185,40.05175333023071
2016-05-06,47.142501984754325,A,43.548858642578125,43.126671600341794,42.797843551635744,42.244452476501465,40.415023727416994,39.461945037841794,40.03264572143555
2016-05-09,47.76532612207183,A,44.377891540527344,43.441567993164064,42.98803520202637,42.44498119354248,40.548920135498044,39.52195240020752,40.01863063812256
2016-05-10,48.13247540096905,A,44.405757904052734,43.71605606079102,43.18380012512207,42.598945426940915,40.659498596191405,39.57274658203125,40.00401058197021
2016-05-11,48.404123133672044,A,43.68123626708984,43.88883361816406,43.32313499450684,42.72573947906494,40.764419097900394,39.609535179138184,39.98458385467529
2016-05-12,48.29773557431503,A,43.534915924072266,43.909732055664065,43.413004302978514,42.8375545501709,40.8632389831543,39.6456799697876,39.96801158905029
2016-05-13,47.88570250250357,A,43.19355010986328,43.838670349121095,43.48267097473145,42.92429027557373,40.952195205688476,39.67841110229492,39.95182994842529
2016-05-16,47.00607593082797,A,43.50705337524414,43.664502716064455,43.55303535461426,43.01381225585938,41.04397148132324,39.71229694366455,39.93521991729736
2016-05-17,45.63462052311854,A,41.97438049316406,43.178227233886716,43.44714164733887,43.01659889221192,41.11999900817871,39.72607608795166,39.91419427871704
2016-05-18,44.65482240575627,A,42.12068176269531,42.86611633300781,43.37747497558594,43.015901756286624,41.18418586730957,39.738928146362305,39.89220859527588
2016-05-19,43.41533427897025,P,41.298614501953125,42.41885604858398,43.16429405212402,42.94310035705566,41.234139404296876,39.74738353729248,39.866822986602784
2016-05-20,42.440647777467255,P,41.58424377441406,42.09699478149414,42.96783256530762,42.88283805847168,41.26910446166992,39.75869522094727,39.84249347686767
2016-05-23,41.344165647201116,P,41.31254196166992,41.6580924987793,42.66129760742187,42.82466640472412,41.30581199645996,39.77842063903809,39.8143695640564
2016-05-24,41.67630822099595,P,42.28788757324219,41.720793914794925,42.44951057434082,42.81665534973145,41.38396949768067,39.80953838348389,39.79284772872925
2016-05-25,42.11119532667721,P,42.65015411376953,41.82668838500977,42.34640235900879,42.83476867675781,41.45984985351563,39.84421051025391,39.77405067443848
2016-05-26,43.3702364556189,P,43.1238899230957,42.19174346923828,42.30529975891113,42.85915203094483,41.558867568969724,39.88478099822998,39.761377563476564
2016-05-27,44.82871601302677,A,43.688175201416016,42.61252975463867,42.35476226806641,42.91871662139893,41.65192008972168,39.94164699554443,39.75687122344971
2016-05-30,46.58548841395094,A,43.688175201416016,43.08765640258789,42.3728744506836,42.962954902648924,41.75270126342773,40.01059967041016,39.7606534576416
2016-05-31,47.668550236589795,A,43.84144592285156,43.39836807250977,42.55958099365235,43.00336132049561,41.83598457336426,40.074529571533205,39.774471855163576
2016-06-01,48.529788162009886,A,43.77178955078125,43.62269515991211,42.724691772460936,43.051083374023435,41.93360763549805,40.15908512115479,39.77972093582153
2016-06-02,49.5613553573745,A,45.34625244140625,44.06716766357422,43.12945556640625,43.146874809265135,42.06603218078613,40.23606185913086,39.7882074546814
2016-06-03,50.07715674492592,A,45.28355407714844,44.386243438720705,43.499386596679685,43.23360958099365,42.19720275878906,40.293228721618654,39.79817350387573
2016-06-06,49.78918543509614,A,43.76482772827149,44.401573944091794,43.744615173339845,43.20295639038086,42.29813674926758,40.335208320617674,39.805857467651364
2016-06-07,49.49029098729318,A,43.95988845825195,44.425262451171875,43.91181526184082,43.18066291809082,42.389999313354494,40.395354423522946,39.820978507995605
2016-06-08,48.72260788780381,A,43.00545120239258,44.27199478149414,43.94734497070313,43.14687366485596,42.46346298217773,40.43105129241943,39.82970346450806
2016-06-09,46.774697112807594,P,42.32270812988281,43.66728591918945,43.86722679138184,43.086263275146486,42.52161605834961,40.451571197509764,39.83298484802246
2016-06-10,45.119258712946646,P,42.496883392333984,43.10995178222656,43.748097610473636,43.05142993927002,42.579112167358396,40.47058971405029,39.843260536193846
2016-06-13,43.934452501675366,P,41.75143814086914,42.70727386474609,43.55442390441895,42.96364917755127,42.596996002197265,40.48339584350586,39.84980899810791
2016-06-14,42.781472019736306,P,41.73054504394531,42.26140518188477,43.34333381652832,42.95145740509033,42.62370849609375,40.49868419647217,39.85354648590088
2016-06-15,42.41190537159054,P,42.07887268066406,42.076089477539064,43.1740421295166,42.94936695098877,42.63875648498535,40.52539108276367,39.86345748901367
2016-06-16,42.87076010053357,P,42.42721557617188,42.09699096679688,42.88213844299317,43.00579700469971,42.66891372680664,40.5642760848999,39.87402761459351
2016-06-17,42.99389959870296,P,41.80718231201172,41.95905075073242,42.534501266479495,43.01694393157959,42.69812507629395,40.60351608276367,39.88227573394775
2016-06-20,43.66658579058291,P,41.87685394287109,41.984133911132815,42.34570388793945,43.04515953063965,42.72831581115722,40.64697204589844,39.89225923538208
2016-06-21,44.077546943122364,P,41.78628158569336,41.99528121948242,42.128343200683595,43.02007923126221,42.73751197814941,40.692558479309085,39.9009103012085
2016-06-22,44.25121297124797,P,42.07191848754883,41.993890380859376,42.03498992919922,42.99116744995117,42.7560432434082,40.72105911254883,39.909940814971925
2016-06-23,44.47838565005796,P,42.71284866333008,42.05101699829102,42.07400398254394,42.97061538696289,42.78432792663574,40.756521224975586,39.920991821289064
2016-06-24,44.59044927630408,P,41.702674865722656,42.0301155090332,41.99458312988281,42.871340370178224,42.78920471191406,40.806998863220215,39.922390899658204
2016-06-27,44.10089020365336,P,40.8806037902832,41.830865478515626,41.90749969482422,42.73096179962158,42.7724845123291,40.85084297180176,39.925870742797855
2016-06-28,44.22343078315574,P,41.793251037597656,41.83225936889649,41.913770294189455,42.62855205535889,42.76997657775879,40.89974227905273,39.939495964050295
2016-06-29,44.80396331047333,P,43.06118392944336,42.03011245727539,42.01200141906738,42.59302177429199,42.78850776672363,40.96656513214111,39.960509624481205
2016-06-30,44.91420996907209,A,43.13084411621094,42.113711547851565,42.08236427307129,42.48225135803223,42.79603179931641,41.03781085968018,39.98478105545044
2016-07-01,45.865420446721096,A,43.688175201416016,42.51081161499023,42.27046356201172,42.402482414245604,42.81400550842285,41.11186977386475,40.01464712142944
2016-07-04,47.40971126772302,A,43.688175201416016,43.0723258972168,42.45159568786621,42.39864978790283,42.83824951171875,41.185928688049316,40.05547451019287
2016-07-05,48.105511913686634,A,43.1378173828125,43.34123916625977,42.58674926757813,42.35754623413086,42.85204368591309,41.24806659698486,40.092568988800046
2016-07-06,48.52575516268677,A,44.14798355102539,43.55859909057617,42.79435577392578,42.4146728515625,42.88924560546875,41.3099556350708,40.12923366546631
2016-07-07,49.12840354462085,A,44.18980026245117,43.770390319824216,42.94205093383789,42.50802745819092,42.92031715393066,41.37543701171875,40.16367160797119
2016-07-08,49.50168568237268,A,44.6983528137207,43.972425842285155,43.2416187286377,42.61810092926025,42.9643465423584,41.44779796600342,40.19831789016724
2016-07-11,49.68100670207568,A,44.83072662353516,44.20093612670898,43.63663101196289,42.77206535339356,43.00489288330078,41.51465129852295,40.23071659088135
2016-07-12,50.66107693454588,A,45.63189697265625,44.69975204467774,44.02049560546875,42.9671329498291,43.056864471435546,41.590965309143066,40.27253410339355
2016-07-13,51.04677682263722,A,45.51945114135742,44.97404556274414,44.26632232666016,43.13916187286377,43.110906524658205,41.66739696502685,40.3119287109375
2016-07-14,50.97020587418359,A,44.71124649047852,45.07833480834961,44.42436256408691,43.2533634185791,43.13652297973633,41.72670711517334,40.34589517593384
2016-07-15,50.48843529475331,A,44.50040435791016,45.0387451171875,44.50558547973633,43.388024520874026,43.15555389404297,41.78528881072998,40.38016069412232
2016-07-18,49.91894264215059,A,44.6690788269043,45.00641555786133,44.60367584228516,43.527635765075686,43.16137763977051,41.85514888763428,40.41482978820801
2016-07-19,48.82641385200839,A,44.50040435791016,44.78011703491211,44.73993453979493,43.66334190368653,43.16327056884766,41.91138458251953,40.453640403747556
2016-07-20,48.052500978768016,A,44.563663482666016,44.588959503173825,44.78150253295899,43.78792915344239,43.18091911315918,41.97266910552978,40.49228937149048
2016-07-21,47.922248188117635,A,44.900997161865234,44.62690963745117,44.85262222290039,43.89733657836915,43.20824073791504,42.03573986053467,40.52511339187622
2016-07-22,47.98884834540795,A,44.84477996826172,44.69578475952149,44.867264938354495,44.0544418334961,43.24126533508301,42.09673027038574,40.55632480621338
2016-07-25,48.18506781894464,A,45.20319366455078,44.802607727050784,44.90451164245606,44.27057132720948,43.27518814086914,42.159579811096194,40.590591526031496
2016-07-26,48.58253037405356,A,45.294551849365234,44.9614372253418,44.87077713012696,44.44563636779786,43.34159156799316,42.230795288085936,40.6298561668396
2016-07-27,49.041482041737254,A,45.61081314086914,45.170867156982425,44.87991333007813,44.57311782836915,43.41139419555664,42.2977900314331,40.67411642074585
2016-07-28,49.51656401253465,A,45.48431396484375,45.287530517578126,44.95722007751465,44.690791320800784,43.495108184814455,42.36462379455566,40.73672790527344
2016-07-29,50.31303817225139,A,46.5455322265625,45.627680969238284,45.161732864379886,44.83365917205811,43.59433395385742,42.43171920776367,40.79757780075073
2016-08-01,51.08350115231792,A,47.04449462890625,45.995941162109375,45.39927444458008,45.00147514343262,43.70897300720215,42.507392501831056,40.85569854736328
2016-08-02,51.76221141328936,A,46.93204116821289,46.323439025878905,45.642438125610354,45.19118633270264,43.80185607910156,42.59291278839111,40.91083288192749
2016-08-03,52.1519889467941,A,46.784454345703125,46.5581672668457,45.86451721191406,45.32300987243653,43.884542083740236,42.67219596862793,40.96290756225586
2016-08-04,52.182708811169626,A,46.45414352416992,46.752133178710935,46.019831848144534,45.436227035522464,43.95114715576172,42.755007362365724,41.01046262741089
2016-08-05,51.60716730411758,A,46.763370513916016,46.79570083618164,46.21169090270996,45.539477920532235,44.01265106201172,42.8322855758667,41.040955696105954
2016-08-08,50.61728432625774,A,46.62282180786133,46.71136627197266,46.35365371704101,45.62908267974854,44.071343994140626,42.91202262878418,41.0576690864563
2016-08-09,49.707489780434706,A,46.9179916381836,46.7085563659668,46.51599769592285,45.69338741302491,44.13287490844726,42.98442974090576,41.079101963043215
2016-08-10,48.944006607574664,A,46.68606948852539,46.68887939453125,46.62352333068848,45.751718330383305,44.19116050720215,43.062384071350095,41.094697608947754
2016-08-11,48.60588163275383,A,47.05152893066406,46.80835647583008,46.78024482727051,45.86873245239258,44.22526603698731,43.145649108886715,41.11563732147217
2016-08-12,48.42987493493888,A,47.22019577026367,46.89972152709961,46.847711181640626,46.00472202301025,44.26399887084961,43.23060081481933,41.13277687072754
2016-08-15,48.6452306167019,A,47.36075973510742,47.04730911254883,46.87933769226074,46.13930606842041,44.33591751098633,43.31702713012695,41.15369209289551
2016-08-16,48.5718771062208,A,46.90394592285156,47.04449996948242,46.87652816772461,46.25948314666748,44.39479866027832,43.3923989868164,41.1754986000061
2016-08-17,48.768604645717154,A,46.96717834472656,47.100721740722655,46.89480056762695,46.37965888977051,44.474033203125,43.46874809265137,41.20253789901734
2016-08-18,48.716892964106755,A,46.92501068115234,47.075418090820314,46.941887283325194,46.48085956573486,44.56607925415039,43.54384765625,41.231517429351804
2016-08-19,48.80243691994172,A,47.15693283081055,47.062765502929686,46.98124351501465,46.59646720886231,44.65928024291992,43.61919620513916,41.26291982650757
2016-08-22,48.683895850052004,A,47.093711853027344,47.00935592651367,47.02833251953125,46.69099311828613,44.766125717163085,43.681560859680175,41.29349397659302
2016-08-23,48.57192414811098,A,46.50335311889648,46.92923736572265,46.986868667602536,46.75143318176269,44.86158187866211,43.74264518737793,41.31985305786133
2016-08-24,47.85840864317017,P,45.7232551574707,46.680452728271476,46.89058723449707,46.75705528259277,44.93446952819824,43.7866130065918,41.34022890090942
2016-08-25,47.037031257488444,P,45.48431396484375,46.392313385009764,46.73386573791504,46.75705528259277,44.99561149597168,43.83226261138916,41.36091230392456
2016-08-26,46.045840392256004,P,45.40700149536133,46.042327117919925,46.5525463104248,46.70012874603272,45.06760787963867,43.88286647796631,41.37929716110229
2016-08-29,45.050792134778014,P,45.336727142333984,45.69093017578125,46.35014305114746,46.6147403717041,45.13680534362793,43.93256057739258,41.39719404220581
2016-08-30,44.27651778834783,P,45.09075927734375,45.4084114074707,46.16882438659668,46.52267627716064,45.202894897460936,43.970203437805175,41.41392936706543
2016-08-31,44.04981417592768,P,45.048583984375,45.273477172851564,45.97696495056152,46.43588275909424,45.26242820739746,44.00923572540283,41.43332185745239
2016-09-01,43.94237949054877,P,44.99938583374024,45.17649154663086,45.784402465820314,46.363144874572754,45.30815895080566,44.0462434387207,41.45246835708618
2016-09-02,44.00597701323421,P,45.062644958496094,45.10762023925781,45.57497367858887,46.27810859680176,45.37535835266113,44.082281532287595,41.47292133331299
2016-09-05,44.26137506887502,P,45.062644958496094,45.05280380249023,45.37186698913574,46.20009975433349,45.458999176025394,44.11574184417724,41.49969081878662
2016-09-06,44.67336659961296,P,45.40700149536133,45.11605224609375,45.26223182678223,46.12455024719238,45.53127418518066,44.15062538146972,41.5252116394043
2016-09-07,45.151525858360145,P,45.66001510620117,45.238338470458984,45.25590782165527,46.07324752807617,45.58325080871582,44.18587928771973,41.556436157226564
2016-09-08,45.355027299373745,P,45.02047348022461,45.24255599975586,45.20952377319336,45.971694755554196,45.6210433959961,44.20853759765625,41.589925880432126
2016-09-09,45.21364487897463,P,44.52851867675781,45.1357307434082,45.12167549133301,45.837110900878905,45.63785026550293,44.22592788696289,41.617336654663085
2016-09-12,45.226052003512656,P,45.03452682495117,45.13010711669922,45.09145545959473,45.72079925537109,45.664777297973636,44.25151340484619,41.65038457870483
2016-09-13,44.888878080349066,P,44.51446914672852,44.951600646972665,45.033826446533205,45.60132541656494,45.69231033325195,44.27217700958252,41.67946643829346
2016-09-14,44.310247836309884,P,44.51446914672852,44.72249145507813,44.980414962768556,45.478689956665036,45.699640045166014,44.29444282531738,41.71073345184326
2016-09-15,44.09659445383781,P,44.5214958190918,44.62269592285156,44.932625961303714,45.35851421356201,45.70627395629883,44.31329555511475,41.742889156341555
2016-09-16,44.223264013800595,P,44.46526336669922,44.61004486083984,44.872887802124026,45.223930740356444,45.7016121673584,44.332979354858395,41.7807046508789
2016-09-19,43.84845901919943,P,44.21227264404297,44.445594024658206,44.787850570678714,45.07985877990723,45.68924308776855,44.347067985534665,41.8124751663208
2016-09-20,43.79902548876615,P,44.472293853759766,44.43715896606445,44.694379806518555,44.97830581665039,45.66605102539062,44.36145774841309,41.84230211257935
2016-09-21,44.094933667187526,P,45.048583984375,44.54398193359375,44.633236694335935,44.9445722579956,45.65663368225098,44.38377010345459,41.87077672958374
2016-09-22,44.74760943361954,P,45.73730850219727,44.78714447021484,44.7049201965332,44.95722198486328,45.67715492248535,44.40683895111084,41.906962871551514
2016-09-23,45.41275845401872,P,45.66704559326172,45.02750091552734,44.818772888183595,44.9702241897583,45.70048774719238,44.428020820617675,41.94498292922974
2016-09-26,45.9573177681084,A,45.02749633789063,45.190545654296876,44.81806983947754,44.954762649536136,45.70765609741211,44.43451686859131,41.97823463439941
2016-09-27,46.546132988185626,A,45.37887954711914,45.37186279296875,44.9045108795166,44.9691686630249,45.725225601196286,44.444248085021975,42.00849733352661
2016-09-28,46.669034535114434,A,45.13291931152344,45.388729858398435,44.966355895996095,44.973385429382326,45.73661071777344,44.45876491546631,42.03415004730225
2016-09-29,45.79732246700189,A,44.14900970458984,45.07107009887695,44.9291072845459,44.9308666229248,45.72157096862793,44.46490585327148,42.05529291152954
2016-09-30,44.97818756754307,P,44.3247184753418,44.80260467529297,44.915052795410155,44.89397029876709,45.711169738769534,44.47621753692627,42.07731431961059
2016-10-03,44.642406239106556,P,44.43716430664063,44.68453826904297,44.93754196166992,44.86269626617432,45.69584915161133,44.48551864624024,42.098907794952396
2016-10-04,44.00667040028768,P,44.27552795410156,44.46386795043945,44.9178653717041,44.806122589111325,45.67546867370606,44.508530120849606,42.117303104400634
2016-10-05,43.60564149854853,P,44.54961013793945,44.347206115722656,44.867967987060545,44.750602340698244,45.654244613647464,44.53281940460205,42.135873775482175
2016-10-06,43.746798137745145,P,44.15604782104492,44.34861373901367,44.709841918945315,44.707381057739255,45.62767929077148,44.56139373779297,42.15438863754272
2016-10-07,43.76296276665207,P,44.226322174072266,44.32893447875976,44.565769577026366,44.69227123260498,45.58129508972168,44.587814521789554,42.17325487136841
2016-10-10,43.813729076626316,P,44.49337387084961,44.34017639160156,44.51235733032227,44.6652135848999,45.53027267456055,44.61962284088135,42.19902173995972
2016-10-11,43.70195326502786,P,43.84680938720703,44.254432678222656,44.35915031433105,44.63183059692383,45.46856803894043,44.63521205902099,42.22237522125244
2016-10-12,43.325478092203525,P,43.41416549682617,44.02734375,44.18727493286133,44.57681541442871,45.40116226196289,44.64285217285156,42.24353134155273
2016-10-13,43.092194510721576,P,43.371612548828125,43.87045669555664,44.109535217285156,44.519321250915525,45.33951164245605,44.64532939910889,42.26505519866944
2016-10-14,42.537523351871485,P,42.676536560058594,43.560499572753905,43.94471702575684,44.429884910583496,45.25777496337891,44.63521301269531,42.288430004119874
2016-10-17,41.83942300571287,P,42.65524291992188,43.192873382568365,43.76652488708496,44.35203342437744,45.178423385620114,44.62488368988037,42.31774168014526
2016-10-18,41.929370496028305,B,43.65532684326172,43.1545768737793,43.704504776000974,44.31118507385254,45.11317008972168,44.62302249908447,42.34877603530884
2016-10-19,42.283959574290556,B,43.5702018737793,43.18578414916992,43.60656394958496,44.23726596832275,45.05085273742676,44.621006622314454,42.39004587173462
2016-10-20,42.422199608597275,B,43.80427169799805,43.272315979003906,43.57138633728027,44.140614128112794,44.98590759277344,44.60558681488037,42.42082433700561
2016-10-21,42.660975540251954,B,43.25103759765625,43.38721618652344,43.47385787963867,44.01981372833252,44.90652442932129,44.58526165008545,42.43924518585205
2016-10-24,43.011270265170246,B,43.35032653808594,43.52623291015625,43.3595531463623,43.93595523834229,44.82631576538086,44.581116638183595,42.458162479400634
2016-10-25,42.9876052827258,B,43.65532684326172,43.52623291015625,43.34040489196777,43.84977760314941,44.76134338378906,44.57807102203369,42.48671272277832
2016-10-26,42.7999999073746,B,43.2794189453125,43.46807632446289,43.32693023681641,43.75710258483887,44.68758819580078,44.58081069946289,42.50593099594116
2016-10-27,42.88029639859843,B,43.59148025512695,43.42551803588867,43.34891700744629,43.72922611236572,44.620917587280275,44.593498420715335,42.52253480911255
2016-10-28,42.05631851745603,B,40.85371780395508,42.94605407714844,43.16663513183594,43.55567607879639,44.494853286743165,44.57706676483154,42.52382823944092
2016-10-31,40.53820333597536,B,39.56285095214844,42.188558959960936,42.85739593505859,43.31196041107178,44.344236068725586,44.555180892944335,42.5192883682251
2016-11-01,39.02946392817724,B,40.03805541992188,41.46510467529297,42.49566879272461,43.100086784362794,44.214930114746096,44.5382559967041,42.51847009658813
2016-11-02,37.84469583355655,B,40.27920913696289,40.86506271362305,42.166569519042966,42.886566734313966,44.10604919433594,44.52025936126709,42.52282522201538
2016-11-03,36.17657129740842,B,39.64088439941406,40.07494354248047,41.75023078918457,42.66080856323242,43.98918060302734,44.49239604949951,42.52833606719971
2016-11-04,36.1858612099826,B,39.74726486206055,39.85365295410156,41.399853515625,42.436855697631835,43.875985870361326,44.471796875,42.537656478881836
2016-11-07,37.848902534278345,B,41.78285598754883,40.29765396118164,41.24310646057129,42.3013298034668,43.804908447265625,44.47085689544678,42.558914470672605
2016-11-08,39.33437076598367,B,41.71192932128906,40.63242874145508,41.048766708374025,42.1945858001709,43.73733184814453,44.470113372802736,42.58133592605591
2016-11-09,41.796811899284734,B,44.42841720581055,41.46227035522461,41.163666534423825,42.24529838562012,43.72492851257324,44.49367835998535,42.60736873626709
2016-11-10,45.02938058791654,P,45.393009185791016,42.6126953125,41.34381942749023,42.34636821746826,43.73280097961426,44.52047996520996,42.63850059509277
2016-11-11,47.89260222749218,A,44.75468444824219,43.61417922973633,41.73391609191894,42.450275611877444,43.72664176940918,44.551000061035154,42.678999462127685
2016-11-14,49.51882590025056,A,44.6624755859375,44.190103149414064,42.243878555297854,42.55063724517822,43.71863838195801,44.5888187789917,42.71983087539673
2016-11-15,50.973211499812976,A,44.59154891967773,44.7660270690918,42.69922790527344,42.59744834899902,43.702329330444336,44.6168017578125,42.75827201843262
2016-11-16,50.3723915525114,A,43.648223876953125,44.609988403320315,43.03612937927246,42.601349449157716,43.662093505859374,44.622672157287596,42.794618644714355
2016-11-17,49.306939227001095,A,43.76170349121094,44.2837272644043,43.44821128845215,42.59922103881836,43.6369181060791,44.628980751037595,42.83339580535889
2016-11-18,47.80809560046444,A,42.924781799316406,43.91774673461914,43.76596298217773,42.58290824890137,43.604843368530275,44.6213468170166,42.86660829544067
2016-11-21,46.19686082154913,A,42.853851318359375,43.55602188110352,43.87306251525879,42.55808448791504,43.561229858398434,44.61300357818604,42.89946613311768
2016-11-22,44.34771876029911,B,41.79703903198242,42.99711990356445,43.88157348632812,42.46517009735108,43.50688125610352,44.59959579467773,42.9238311958313
2016-11-23,43.57151340033217,B,42.6836166381836,42.80419845581055,43.70709342956543,42.43537998199463,43.470264205932615,44.584952125549314,42.94745388031006
2016-11-24,42.656350192369025,B,42.6836166381836,42.58858108520508,43.43615417480469,42.38998680114746,43.433506622314454,44.56989028930664,42.97266365051269
2016-11-25,42.49654857280088,B,42.91767501831055,42.58715972900391,43.25245323181152,42.493184661865236,43.40255485534668,44.55208351135254,42.99994073867798
2016-11-28,42.361304122460496,B,42.172943115234375,42.4509780883789,43.00349998474121,42.62368927001953,43.36176826477051,44.52550567626953,43.02007848739624
2016-11-29,43.446293547852726,B,43.68369674682617,42.82830963134766,42.91271476745606,42.80597133636475,43.345996322631834,44.50602367401123,43.048494491577145
2016-11-30,44.00747057489468,C,43.12335968017578,42.91625823974609,42.860228347778325,42.94817886352539,43.307491836547854,44.48206275939941,43.07472986221313
2016-12-01,44.168254338186266,C,41.96017074584961,42.771569061279294,42.68007507324219,43.06414318084717,43.2319490814209,44.454552001953125,43.09062955856323
2016-12-02,43.99087627734093,C,42.15167236328125,42.618368530273436,42.60276412963868,43.184363555908206,43.16164161682129,44.431064682006834,43.10817674636841
2016-12-05,44.52933701260215,C,43.165924072265625,42.81696472167969,42.6339714050293,43.25351696014404,43.12441017150879,44.41603313446045,43.13559101104736
2016-12-06,44.397432717356445,B,43.704959869384766,42.8212173461914,42.824763488769534,43.35316848754883,43.090931777954104,44.4080786895752,43.15973163604736
2016-12-07,43.86678697526069,B,42.54886245727539,42.70631790161133,42.811288070678714,43.25919075012207,43.03925064086914,44.387930679321286,43.18029989242554
2016-12-08,44.27710814997556,C,43.19430541992188,42.95314483642578,42.862356948852536,43.14925556182861,43.02015655517578,44.37086376190186,43.20330181121826
2016-12-09,44.72979556582484,C,43.648223876953125,43.252455139160155,42.935411834716795,43.09393253326416,43.00662666320801,44.35889820098877,43.227814235687255
2016-12-12,44.77943811107699,C,44.00285720825195,43.41984176635742,43.11840324401855,43.06095161437988,42.99794052124023,44.34689483642578,43.253237323760985
2016-12-13,44.53355220522122,C,43.96739959716797,43.472329711914064,43.14677352905274,43.029744148254395,42.991777954101565,44.33362331390381,43.28220930099487
2016-12-14,45.138372681986276,C,43.74043273925781,43.71064376831055,43.20848083496094,43.03435459136963,42.97559440612793,44.314919509887694,43.3063547706604
2016-12-15,45.494719885973986,C,43.98867416381836,43.86951751708985,43.41133117675781,43.045703125,42.972246932983396,44.29996311187744,43.33229345321655
2016-12-16,45.616169796650134,C,44.13052749633789,43.9659782409668,43.60921669006348,43.105990409851074,42.970331039428714,44.275813064575196,43.35376613616943
2016-12-19,45.49342281142784,C,44.13052749633789,43.991512298583984,43.7056770324707,43.16982421875,42.963074111938475,44.24667339324951,43.377032947540286
2016-12-20,45.67135627520043,C,44.08797454833984,44.01562728881836,43.74397850036621,43.28437099456787,42.96789741516113,44.21823272705078,43.40557275772095
2016-12-21,45.58209192762322,C,43.58439636230469,43.98442001342774,43.84753189086914,43.329409980773924,42.9713020324707,44.1862321472168,43.429214057922366
2016-12-22,45.33925408272032,A,43.73333740234375,43.933352661132815,43.90143508911133,43.381896018981934,42.97853652954102,44.15902408599854,43.45701572418213
2016-12-23,45.264989943970704,A,44.21564483642578,43.95037612915039,43.958177185058595,43.446794509887695,43.00931869506836,44.13354682922363,43.48291620254517
2016-12-26,45.403445800649884,A,44.21564483642578,43.96739959716797,43.97945594787598,43.548929595947264,43.04052673339844,44.10947505950928,43.510748844146725
2016-12-27,45.28368955005113,A,44.3291244506836,44.015629577636716,44.01562843322754,43.581200981140135,43.05400268554688,44.08358638763428,43.53400806427002
2016-12-28,45.40832687084973,A,44.165992736816406,44.13194885253906,44.058184432983396,43.63333263397217,43.06591850280762,44.058385620117186,43.560384845733644
2016-12-29,45.692970938706026,A,44.49225616455078,44.28373260498047,44.10854263305664,43.75993690490723,43.07967819213867,44.03279289245606,43.58922100067139
2016-12-30,45.74295334681761,A,44.41423034667969,44.32344970703125,44.13691291809082,43.873064804077146,43.10294204711914,44.00473323822021,43.617667026519776
2017-01-02,45.65940926261944,A,44.41423034667969,44.36316680908203,44.165283203125,43.93548011779785,43.12422012329102,43.97526794433594,43.64614753723144
2017-01-03,45.59573270305802,A,44.26528930664063,44.35039978027344,44.183014678955075,43.96349658966064,43.13641937255859,43.94888137817383,43.67064018249512
2017-01-04,45.89059072100553,A,44.88945007324219,44.49509124755859,44.31352005004883,44.080525970458986,43.16861999511719,43.928104095458984,43.69842609405518
2017-01-05,46.040759631250694,A,45.22989273071289,44.642618560791014,44.46317558288574,44.182305335998535,43.20138824462891,43.91115291595459,43.7275002861023
2017-01-06,46.363258220113806,A,45.24407577514648,44.808587646484376,44.566018676757814,44.262097930908205,43.289195404052734,43.89202434539795,43.75561027526855
2017-01-09,46.90788503522992,A,45.54196166992188,45.03413391113281,44.69865036010742,44.3390531539917,43.4087776184082,43.876506843566894,43.77903385162354
2017-01-10,47.57987002947889,A,45.44266891479492,45.26960983276367,44.810004806518556,44.41281661987305,43.51686988830566,43.86590000152588,43.8042725944519
2017-01-11,46.97225612885496,A,43.80206298828125,45.05213241577148,44.773611831665036,44.415898132324216,43.58732696533203,43.84668807983398,43.81665054321289
2017-01-12,46.34540294803162,A,43.9023666381836,44.786627197265624,44.71462287902832,44.41158275604248,43.67255661010742,43.830868606567385,43.83156560897827
2017-01-13,45.900928423283375,A,44.4110221862793,44.620016479492186,44.71430206298828,44.42560749053955,43.765831756591794,43.820908813476564,43.85188764572143
2017-01-16,45.174473801721525,A,44.4110221862793,44.393828582763675,44.713981246948244,44.43963222503662,43.818395080566404,43.81165176391602,43.8721061706543
2017-01-17,44.4307122743709,P,44.31787872314453,44.168870544433595,44.71924018859863,44.451127433776854,43.87051406860351,43.803922958374024,43.8870631980896
2017-01-18,44.499860222451645,P,44.17460250854492,44.243378448486325,44.6477554321289,44.48063774108887,43.865437774658204,43.79518314361572,43.902209434509274
2017-01-19,44.35496768643626,P,43.97399520874024,44.257704162597655,44.52216567993164,44.49267063140869,43.837057495117186,43.78492923736572,43.91558633804321
2017-01-20,43.80566764395374,P,43.80921936035156,44.13734359741211,44.378680038452146,44.47234935760498,43.81814819335938,43.77239498138428,43.92733825683594
2017-01-23,43.30871962212257,B,43.6731071472168,43.98976058959961,44.19179458618164,44.44522247314453,43.79836082458496,43.75849960327148,43.93712072372436
2017-01-24,42.71669811990992,B,43.40085220336914,43.80635528564453,43.987612915039065,44.39880886077881,43.77454689025879,43.73843811035156,43.944531745910645
2017-01-25,42.61730438381826,B,43.97399520874024,43.76623382568359,44.00480613708496,44.389208984375,43.781062316894534,43.721577911376954,43.95372859954834
2017-01-26,42.678932942706496,B,43.89518356323242,43.75047149658203,44.00408782958984,44.35935535430908,43.78373191833496,43.71032501220703,43.95943130493164
2017-01-27,42.52802145738987,B,42.98534393310547,43.585696411132815,43.861520004272464,44.28791103363037,43.784943161010744,43.694893264770506,43.960410575866696
2017-01-30,42.627567016808904,B,43.29339599609375,43.5097541809082,43.74975738525391,44.231869316101076,43.79373405456543,43.677481956481934,43.96449768066406
2017-01-31,43.21599559888085,P,43.78056716918945,43.585697174072266,43.6960262298584,44.20763320922852,43.83340461730957,43.67014293670654,43.97115997314453
2017-02-01,43.0856978092466,P,43.622955322265625,43.515489196777345,43.64086151123047,44.144308471679686,43.85219139099121,43.661227798461915,43.97783531188965
2017-02-02,42.99297844031171,P,43.622955322265625,43.46104354858399,43.605757522583005,44.063961601257326,43.87097816467285,43.65224239349365,43.9827689743042
2017-02-03,43.336805386658206,P,43.46534729003906,43.557044219970706,43.57137031555176,43.97502517700195,43.88193161010742,43.642243232727054,43.987611293792725
2017-02-06,43.50823089975081,P,43.451019287109375,43.58856887817383,43.54916152954102,43.87047805786133,43.907493133544925,43.63463069915772,43.990849342346195
2017-02-07,43.15544677301734,P,43.38653564453125,43.509762573242185,43.547729873657225,43.76767139434814,43.901549911499025,43.62377311706543,43.99261543273926
2017-02-08,43.121133228498216,P,43.35787963867188,43.45674743652344,43.48611831665039,43.74546222686767,43.90624031066895,43.6068660736084,43.99531808853149
2017-02-09,43.20985537454752,P,43.5871467590332,43.44958572387695,43.45531463623047,43.72970123291016,43.93877983093262,43.585364456176755,43.9961017036438
2017-02-10,43.15963204971124,P,43.28623962402344,43.41376419067383,43.48540420532227,43.673462104797366,43.96147117614746,43.56155639648438,43.994788608551026
2017-02-13,43.06843439283929,B,43.3507080078125,43.39370193481445,43.49113540649414,43.620446395874026,43.965166854858396,43.54478851318359,43.98965269088745
2017-02-14,43.1627307156287,B,43.57281112670898,43.43095703125,43.470359802246094,43.58319301605225,43.96252388000488,43.52672782897949,43.985487957000736
2017-02-15,43.56797693855498,C,44.16743850708008,43.59286880493164,43.52480812072754,43.582834815979005,43.994895401000974,43.51707302093506,43.98791896820068
2017-02-16,43.80024813868698,C,44.04564666748047,43.68456878662109,43.567077255249025,43.58641738891602,44.01192222595215,43.51603939056397,43.990472621917725
2017-02-17,44.25209739899467,A,44.2534065246582,43.87800216674805,43.64588317871094,43.608626747131346,44.02402587890625,43.51532627105713,43.9957719039917
2017-02-20,44.73088729586245,A,44.2534065246582,44.05854187011719,43.72612190246582,43.637641716003415,44.029036865234374,43.513488693237306,43.99950366973877
2017-02-21,45.27264533923796,A,44.29640579223633,44.203260803222655,43.817108917236325,43.68241939544678,44.03561698913574,43.513697471618656,44.01111379623413
2017-02-22,45.12967775268648,A,43.95967864990234,44.1617088317871,43.877288818359375,43.68170356750488,44.04000190734863,43.50779815673828,44.02030878067016
2017-02-23,45.26929189597664,A,44.37520599365234,44.227620697021486,43.95609474182129,43.70570468902588,44.047732543945315,43.509989738464355,44.03569173812866
2017-02-24,45.362129200798854,A,44.48265838623047,44.27347106933594,44.075736618041994,43.78057041168213,44.054775161743166,43.51255310058594,44.05018381118774
2017-02-27,45.49921151241718,A,44.575809478759766,44.33795166015625,44.198246765136716,43.84469108581543,44.0636808013916,43.51337745666504,44.066500148773194
2017-02-28,45.353229267747885,A,44.303558349609375,44.33938217163086,44.27132148742676,43.87084064483643,44.06799247741699,43.51794494628906,44.07657850265503
2017-03-01,45.84140065032539,A,45.012813568115234,44.550009155273436,44.355858993530276,43.94033355712891,44.0965608215332,43.53393142700195,44.08839179992676
2017-03-02,46.17251483099589,A,45.313724517822266,44.73771286010742,44.48266677856445,44.02487201690674,44.12816856384277,43.5533525466919,44.09934097290039
2017-03-03,46.39125544969327,A,45.3781852722168,44.91681823730469,44.59514465332031,44.120513916015625,44.15141937255859,43.580369033813476,44.10779102325439
2017-03-06,46.65638848804186,A,45.52863693237305,45.107383728027344,44.7226676940918,44.22439479827881,44.177679214477536,43.609102973937986,44.11699333190918
2017-03-07,47.14864765120772,A,45.628944396972656,45.3724609375,44.85592155456543,44.336515235900876,44.20367561340332,43.6288391494751,44.125930824279784
2017-03-08,47.38855472233961,A,45.95132827758789,45.56016387939453,45.05508651733398,44.46618766784668,44.23938232421875,43.652650413513186,44.13682851791382
2017-03-09,47.487926433686845,A,46.2092399597168,45.73926696777344,45.23848991394043,44.59729232788086,44.27372200012207,43.67670009613037,44.14114345550537
2017-03-10,48.08312407449091,A,47.19791030883789,46.10321197509766,45.51001510620117,44.79287586212158,44.329395599365235,43.716168823242185,44.15071523666382
2017-03-13,48.63073753585479,A,47.17641830444336,46.43276824951172,45.770075988769534,44.984161376953125,44.38463935852051,43.75442974090576,44.167773189544675
2017-03-14,49.07479333874492,A,47.04744720458984,46.716468811035156,46.044464874267575,45.15789318084717,44.44028251647949,43.788350944519046,44.18321098327637
2017-03-15,49.561714223005474,A,47.67790222167969,47.06178359985351,46.310973739624025,45.33341636657715,44.49605155944824,43.832335777282715,44.206573238372805
2017-03-16,49.8487612553919,A,47.21222305297852,47.26238021850586,46.50082359313965,45.491745185852054,44.53569816589356,43.86854320526123,44.231020812988284
2017-03-17,49.53437796368913,A,47.06178283691406,47.235154724121095,46.669183349609376,45.632164001464844,44.57205230712891,43.930623855590824,44.25384531021118
2017-03-20,49.3016816387015,A,47.14059448242188,47.227989959716794,46.83037910461426,45.776523399353025,44.604024963378905,44.00640129089356,44.28079109191894
2017-03-21,48.98729376120508,A,46.81819534301758,47.18213958740235,46.94930419921875,45.90261287689209,44.63153549194336,44.07420269012451,44.30622934341431
2017-03-22,48.55648391510781,A,46.93999481201172,47.03455810546875,47.04817085266113,46.05162868499756,44.694294128417965,44.140810546875,44.33053495407105
2017-03-23,48.456048698432625,A,47.03311538696289,46.99873657226563,47.13055839538574,46.18452415466309,44.75690910339355,44.21473285675049,44.353564453125
2017-03-24,48.36829960661299,A,47.01164627075195,46.9887092590332,47.11193199157715,46.31097354888916,44.808921585083006,44.2873766708374,44.3795867729187
2017-03-27,48.239475028417665,A,47.35550308227539,47.031690979003905,47.12984046936035,46.44995822906494,44.86781120300293,44.34310314178467,44.40698001861572
2017-03-28,48.318406648482274,A,47.26955032348633,47.121961975097655,47.15205078125,46.598257827758786,44.926844635009765,44.39867935180664,44.43439636230469
2017-03-29,48.04714171741596,A,47.11908721923828,47.157780456542966,47.09616928100586,46.703571510314944,44.98573432922363,44.42558605194092,44.45963220596313
2017-03-30,47.574233332637334,A,46.89700698852539,47.130558776855466,47.06464767456055,46.782735633850095,45.044194564819335,44.440626029968264,44.480552997589115
2017-03-31,47.19861736078741,A,46.68208312988281,47.06464614868164,47.02667770385742,46.8479305267334,45.10165184020996,44.459900016784665,44.50545003890991
2017-04-03,46.70623163761568,P,46.58894729614258,46.91133499145508,46.971512985229495,46.900946044921874,45.15996864318848,44.47916473388672,44.53399175643921
2017-04-04,46.207562801159206,P,46.646263122558594,46.786677551269534,46.95431976318359,46.951811981201175,45.22487686157226,44.49971187591553,44.55825681686402
2017-04-05,45.927330463559294,P,46.538795471191406,46.67061920166016,46.91419982910156,46.981185340881346,45.27617286682129,44.52861759185791,44.57564487457275
2017-04-06,45.82915375333048,P,46.62476348876953,46.616170501708986,46.87336463928223,47.00196151733398,45.33076446533203,44.557248191833494,44.59311447143555
2017-04-07,45.90813395812136,P,46.954322814941406,46.6706184387207,46.86763229370117,46.98978214263916,45.41014404296875,44.59754360198975,44.60944520950317
2017-04-10,45.83381168616997,P,46.54595565795898,46.66202011108398,46.786677551269534,46.95825901031494,45.475195236206055,44.63446464538574,44.623734111785886
2017-04-11,45.715945368708354,P,46.43742752075195,46.620252990722655,46.70346527099609,46.927758026123044,45.5283324432373,44.680868530273436,44.640232162475584
2017-04-12,45.67869884600611,P,46.57489776611328,46.62747344970703,46.64904632568359,46.87260780334473,45.587371292114256,44.71978134155273,44.65236673355103
2017-04-13,45.57067947279239,P,46.40125274658203,46.58277130126953,46.599470901489255,46.8320592880249,45.64293724060059,44.75695770263672,44.66342399597168
2017-04-14,45.260743430445224,P,46.40125274658203,46.47215728759765,46.57138786315918,46.7990327835083,45.701655349731446,44.791793479919434,44.671938495635985
2017-04-17,45.317066469777444,P,46.53148651123047,46.46926345825195,46.56564178466797,46.76857738494873,45.763264694213866,44.835378913879396,44.680442295074464
2017-04-18,45.096649953388116,P,46.05395126342773,46.39256820678711,46.50641059875488,46.73036518096924,45.816613006591794,44.85908145904541,44.68255256652832
2017-04-19,44.84776963765171,P,45.90923690795898,46.25943603515625,46.44345474243164,46.6788272857666,45.86764015197754,44.886940231323244,44.68450149536133
2017-04-20,44.81793987558701,P,46.14801406860352,46.208788299560545,46.39577980041504,46.634572219848636,45.91885749816895,44.92881866455078,44.691685333251954
2017-04-21,44.819110918978645,P,46.17694091796875,46.16392593383789,46.31804161071777,46.592836952209474,45.97667152404785,44.96907135009766,44.70006801605225
2017-04-24,44.89315457004898,P,46.78474044799805,46.214576721191406,46.34192008972168,46.56429882049561,46.045352172851565,45.00525951385498,44.710646324157715
2017-04-25,45.4422453996006,P,47.10309219360352,46.42440490722656,46.40848655700684,46.555975914001465,46.115957794189455,45.03924083709717,44.72365976333618
2017-04-26,46.057421060108084,A,47.05967712402344,46.654492950439455,46.45696449279785,46.553005409240725,46.17380256652832,45.08434898376465,44.73613983154297
2017-04-27,46.793356070041455,A,47.804931640625,46.98587646484375,46.59733238220215,46.598401641845705,46.24898826599121,45.13045524597168,44.75065950393677
2017-04-28,47.4731586741431,A,47.71087265014648,47.2926628112793,46.728294372558594,46.649841117858884,46.318137588500974,45.171081733703616,44.76498996734619
2017-05-01,47.99138859021207,A,48.10159683227539,47.556034088134766,46.885305404663086,46.72547359466553,46.395101394653324,45.21206912994385,44.779481983184816
2017-05-02,48.354568088465356,A,48.21011734008789,47.77743911743164,47.1009220123291,46.803666305541995,46.47337562561035,45.254496307373046,44.79405981063843
2017-05-03,48.78594514789311,A,48.28971862792969,48.02344741821289,47.33897018432617,46.891212463378906,46.5599764251709,45.29998916625976,44.80745433807373
2017-05-04,48.90960271824616,A,48.64424514770508,48.19131011962891,47.588593292236325,46.992186546325684,46.64535720825195,45.34654487609863,44.82325399398804
2017-05-05,48.94425433029243,A,48.470611572265625,48.343257904052734,47.81796035766602,47.0680009841919,46.72511627197266,45.38994571685791,44.832879390716556
2017-05-08,48.55561826211741,A,47.90623092651367,48.30418472290039,47.93010940551758,47.136014747619626,46.79172470092774,45.42770275115967,44.83718807220459
2017-05-09,48.090737317409626,A,47.877288818359375,48.23761901855469,48.00752906799316,47.2080078125,46.86319931030273,45.46559589385986,44.84191431045532
2017-05-10,47.454050360556494,A,47.73981857299805,48.12763900756836,48.07554321289062,47.26625385284424,46.917739410400394,45.507150115966795,44.8466911315918
2017-05-11,46.47399662483193,A,47.247802734375,47.848350524902344,48.019830322265626,47.30858135223389,46.956420974731444,45.54229476928711,44.850659427642825
2017-05-12,45.8887577749551,A,47.797698974609375,47.713768005371094,48.028512954711914,47.378403663635254,47.0048112487793,45.57811531066895,44.85583106994629
2017-05-15,45.89500345232944,A,48.23906326293945,47.78033447265625,48.04225959777832,47.463782501220706,47.059019775390624,45.61834949493408,44.86391227722168
2017-05-16,45.9998192453881,A,48.36930084228516,47.878736877441405,48.05817794799805,47.57954998016358,47.11382690429687,45.658751258850096,44.871168823242186
2017-05-17,45.7298922292953,P,47.29845428466797,47.79046401977539,47.959051513671874,47.649010848999026,47.140769424438474,45.69007587432861,44.8742307472229
2017-05-18,45.86178398902709,P,47.48656463623047,47.838216400146486,47.84328346252441,47.71593837738037,47.16631591796875,45.72001895904541,44.87640592575073
2017-05-19,45.6122907969389,A,47.45039367675781,47.76875534057617,47.741261672973636,47.77961101531982,47.17136558532715,45.75038059234619,44.8775569152832
2017-05-22,45.03554149540653,P,47.34910202026367,47.590763092041016,47.68554878234863,47.80782909393311,47.174819259643556,45.77972930908203,44.877498626708984
2017-05-23,44.514320107342485,P,47.63852310180664,47.44460754394531,47.66167221069336,47.834600639343265,47.18664077758789,45.81346164703369,44.88117151260376
2017-05-24,44.59088997463986,P,47.703643798828125,47.52564544677735,47.658054733276366,47.8667989730835,47.18715560913086,45.84160358428955,44.88485383987427
2017-05-25,44.71742682952854,P,47.98582077026367,47.62549667358398,47.73185653686524,47.87584342956543,47.20262756347656,45.86916286468506,44.89015789031983
2017-05-26,44.84743222857221,P,47.797698974609375,47.6949577331543,47.73185653686524,47.880184745788576,47.21734588623047,45.89469909667969,44.893361721038815
2017-05-29,45.00278558772184,A,47.797698974609375,47.78467712402344,47.687720108032224,47.864989852905275,47.230487976074215,45.91725646972656,44.89688165664673
2017-05-30,45.00507947352579,A,47.76875305175781,47.81072311401367,47.62766532897949,47.84292163848877,47.24949913024902,45.940517311096194,44.90320865631104
2017-05-31,45.06314023295439,A,47.76875305175781,47.82374496459961,47.67469520568848,47.81687335968017,47.26607429504394,45.98018421173096,44.91343614578247
2017-06-01,45.1553094177199,A,48.268009185791016,47.88018264770508,47.75283966064453,47.798061561584475,47.29077217102051,46.02384063720703,44.927354621887204
2017-06-02,45.58127118163228,A,48.658721923828125,48.05238723754883,47.87367248535156,47.8074670791626,47.32371368408203,46.06631763458252,44.94361322402954
2017-06-05,46.20658159991371,A,48.84683609008789,48.26221466064453,48.02344589233398,47.85449733734131,47.35354034423828,46.110675773620606,44.96116376876831
2017-06-06,46.975415105603076,A,49.10732650756836,48.52992935180664,48.170326232910156,47.915999221801755,47.390295867919924,46.158570251464845,44.981246604919434
2017-06-07,47.86546911616114,A,49.74405288696289,48.92498931884766,48.37436714172363,48.0162109375,47.44279518127441,46.214264755249026,45.004723949432375
2017-06-08,48.58053578376343,A,49.75128555297852,49.22164459228516,48.550913619995114,48.141385078430176,47.49988075256348,46.2720376586914,45.02848344802857
2017-06-09,49.330119938594784,A,50.40971374511719,49.571842956542966,48.8121150970459,48.271985816955564,47.57443336486816,46.33804260253906,45.05521879196167
2017-06-12,49.860693541219604,A,50.30842208862305,49.86416015625,49.06318740844726,48.37545375823974,47.64882286071777,46.404395751953125,45.0814476776123
2017-06-13,50.27579812640471,A,50.40971374511719,50.124637603759766,49.327283477783205,48.47747440338135,47.724091873168945,46.47448436737061,45.10646123886109
2017-06-14,50.62721625305817,A,51.02473831176758,50.380774688720706,49.65288200378418,48.663788604736325,47.81381072998047,46.54499179840088,45.13328485488891
2017-06-15,50.996146010988646,A,51.082611083984375,50.647039794921874,49.93434219360351,48.843590927124026,47.90296768188477,46.6168660736084,45.163595542907714
2017-06-16,51.18715664426913,A,51.4082260131836,50.84674224853516,50.209292602539065,49.041482543945314,47.99204574584961,46.70109489440918,45.19799407958985
2017-06-19,51.5608684040734,A,51.6180305480957,51.108663940429686,50.486412048339844,49.25492897033691,48.09348724365234,46.7843412399292,45.230911598205566
2017-06-20,51.83962704129809,A,51.53122329711914,51.33296585083008,50.72880172729492,49.44956398010254,48.195363159179685,46.8618478012085,45.26599536895752
2017-06-21,51.75637455943766,A,51.6180305480957,51.4516242980957,50.9161994934082,49.64528331756592,48.29622581481934,46.941798553466796,45.30151317596435
2017-06-22,52.272836951080144,A,52.94936752319336,51.8249755859375,51.23600769042969,49.8934606552124,48.427188110351565,47.03506267547608,45.34365253448486
2017-06-23,52.46335812834828,A,52.55866622924805,52.05506362915039,51.45090293884277,50.13150901794434,48.550336380004886,47.125995864868166,45.38411954879761
2017-06-26,52.584095880890004,A,52.63101196289063,52.257659912109375,51.683161926269534,50.3731746673584,48.67232688903809,47.217795791625974,45.42621324539184
2017-06-27,52.70943107576658,A,52.37776184082031,52.42696762084961,51.879966735839844,50.60362510681152,48.798803100585936,47.30770805358887,45.46574058532715
2017-06-28,53.037376706570505,A,52.76125717163086,52.65561294555664,52.053618621826175,50.85325031280517,48.935843505859374,47.40174182891846,45.50430395126343
2017-06-29,52.35867229521881,A,52.4428825378418,52.55431594848633,52.189645767211914,51.06199398040771,49.06174087524414,47.490299186706544,45.53783182144165
2017-06-30,51.96081540730997,A,52.46459579467773,52.535501861572264,52.29528274536133,51.25228767395019,49.18749397277832,47.582082748413086,45.57181957244873
2017-07-03,51.45909577476885,A,52.39948272705078,52.4891960144043,52.37342796325684,51.42992000579834,49.299788818359374,47.67257049560547,45.60867950439453
2017-07-04,51.03322497700938,A,52.39948272705078,52.49354019165039,52.46025390625,51.59452781677246,49.40571662902832,47.76083721160889,45.64378252029419
2017-07-05,50.41614959368806,A,52.4428825378418,52.42986526489258,52.54273910522461,51.729469299316406,49.513380737304686,47.843591651916505,45.68033233642578
2017-07-06,49.88712692731327,A,51.90023040771485,52.32133483886719,52.43782539367676,51.836916542053224,49.595286712646484,47.92213748931885,45.71908843994141
2017-07-07,49.41721792472151,A,52.117286682128906,52.25187301635742,52.39368743896485,51.92229518890381,49.683414993286135,48.000776290893555,45.758051280975344
2017-07-10,48.95188699347773,P,51.97258377075195,52.16649322509765,52.32784461975098,52.005503273010255,49.76083473205566,48.07796806335449,45.7957283782959
2017-07-11,48.52305944429944,P,51.97981643676758,52.082559967041014,52.2880500793457,52.084008407592776,49.83622871398926,48.15480216979981,45.83424982070923
2017-07-12,48.33148113953902,P,52.47626876831055,52.089237213134766,52.259551239013675,52.156584930419925,49.919959716796875,48.239968070983885,45.87388311386108
2017-07-13,48.805590037309095,P,53.02378845214844,52.31394882202149,52.31764183044434,52.25364379882812,50.00755058288574,48.32645389556885,45.9182218170166
2017-07-14,49.309649959165,A,53.37423324584961,52.565338134765625,52.40860557556152,52.35194416046143,50.10562301635742,48.41536964416504,45.963961372375486
2017-07-17,49.78623884252687,A,53.074893951416016,52.78580017089844,52.47614669799805,52.42478733062744,50.208996276855466,48.5003604888916,46.00686897277832
2017-07-18,50.13130840862694,A,52.73176574707031,52.93619003295898,52.509375,52.484814453125,50.30608581542969,48.58464256286621,46.051293754577635
2017-07-19,50.43731781148326,A,53.12599563598633,53.06613540649414,52.57768630981445,52.56021270751953,50.413809356689455,48.66577438354492,46.09985290527344
2017-07-20,50.715899015961305,A,54.0312728881836,53.26763229370117,52.79079055786133,52.614307975769044,50.54947875976563,48.75294986724853,46.153151206970215
2017-07-21,51.05039740728619,A,54.48389053344727,53.4895637512207,53.02745094299316,52.710569190979,50.683202590942386,48.84400691986084,46.21218797683716
2017-07-24,51.27655904955784,A,53.9582633972168,53.66623764038086,53.22601890563965,52.77693176269531,50.797586593627926,48.928303184509275,46.268703079223634
2017-07-25,51.16967970471547,A,52.9434928894043,53.70858306884766,53.32238655090332,52.80521831512451,50.889070434570314,49.00144866943359,46.31514390945435
2017-07-26,50.90560343195907,A,52.99458694458008,53.6823013305664,53.37421836853027,52.81688480377197,51.00299308776855,49.07188125610352,46.36226583480835
2017-07-27,49.86647549598447,A,52.36675262451172,53.34939727783203,53.308514785766604,52.81307830810547,51.10059684753418,49.13345638275146,46.40507823944092
2017-07-28,48.121084468856985,A,51.42498016357422,52.73761520385742,53.113589477539065,52.761097526550294,51.18008857727051,49.17572708129883,46.44594795227051
2017-07-31,46.52858944174704,P,51.03805160522461,52.15357284545898,52.90990524291992,52.69302597045898,51.253867568969724,49.21434341430664,46.4843865776062
2017-08-01,45.69032970088447,P,51.38116836547852,51.84110794067383,52.77484550476074,52.64211025238037,51.32872047424316,49.257680625915526,46.52301578521728
2017-08-02,44.95918591442278,P,51.62208938598633,51.56660842895508,52.62445487976074,52.6010705947876,51.407089385986325,49.2971224975586,46.564729137420656
2017-08-03,44.822400731385535,P,51.82649230957031,51.4585563659668,52.40397682189941,52.597383689880374,51.48390281677246,49.34326519012451,46.60590419769287
2017-08-04,45.42334100316672,P,51.82649230957031,51.538858795166014,52.13823699951172,52.582843971252444,51.56447868347168,49.390912284851076,46.660768070220946
2017-08-07,46.330688773290355,P,51.99441909790039,51.730132293701175,51.94185256958008,52.58393573760986,51.6484130859375,49.43945053100586,46.722925910949705
2017-08-08,47.06353646915911,P,52.17692565917969,51.88928375244141,51.86519584655762,52.59379119873047,51.736576538085934,49.49303783416748,46.783620262145995
2017-08-09,47.844084197844744,P,52.57845306396485,52.08055648803711,51.82358245849609,52.598900413513185,51.83277053833008,49.54942241668701,46.845116481781005
2017-08-10,47.965658056647364,P,51.42498016357422,52.00025405883789,51.72940521240234,52.51895999908447,51.89590995788574,49.59334106445313,46.90403696060181
2017-08-11,48.00357154772771,P,51.56368637084961,51.94769287109375,51.743275833129886,52.428432655334475,51.954009246826175,49.6388614654541,46.96311906814575
2017-08-14,47.7978591728316,P,51.70240783691406,51.88929061889648,51.80971145629883,52.359808349609374,52.0111206817627,49.68233051300049,47.01271682739258
2017-08-15,47.25658822893095,P,51.35196304321289,51.724298095703126,51.80679092407227,52.290818214416504,52.056013412475586,49.723154640197755,47.0609169960022
2017-08-16,46.40635781088674,P,51.410377502441406,51.490682983398436,51.78561973571777,52.20503730773926,52.089339904785156,49.766067543029784,47.09582679748535
2017-08-17,45.944492737272945,P,50.9942512512207,51.404537200927734,51.702395629882815,52.05318622589111,52.11419921875,49.807039985656736,47.1238330078125
2017-08-18,45.355720622562025,P,51.074554443359375,51.30671081542969,51.627201843261716,51.88271942138672,52.127496032714845,49.8509646987915,47.15543235778809
2017-08-21,45.03167870412589,P,51.61478805541992,51.28918685913086,51.58923873901367,51.76554565429687,52.15362335205078,49.90122310638428,47.1901939201355
2017-08-22,45.35981380202323,P,52.38135147094727,51.49506454467773,51.60968132019043,51.73743858337402,52.19305610656738,49.958573989868164,47.22914293289185
2017-08-23,45.78500927097855,P,52.21343994140625,51.655677032470706,51.57318000793457,51.69838123321533,52.21683013916016,50.01532043457031,47.27196901321411
2017-08-24,46.76702744336891,P,52.644168853759766,51.985660552978516,51.695098876953125,51.71225204467773,52.24806129455566,50.075514488220215,47.31638134002686
2017-08-25,47.93979475442685,A,52.91427612304688,52.35360488891602,51.83015785217285,51.786716842651366,52.27818229675293,50.13511402130127,47.36632881164551
2017-08-28,49.07802258734876,A,53.527530670166016,52.73615341186523,52.01267013549805,51.911190795898435,52.316372299194335,50.20492977142334,47.41969720840454
2017-08-29,49.90697290291879,A,53.94366455078125,53.04861602783203,52.271840286254886,52.03931560516357,52.36462112426758,50.27999214172363,47.480430335998534
2017-08-30,50.820627849345335,A,53.96554946899414,53.39903793334961,52.527357482910155,52.15648860931397,52.41157150268555,50.35389865875244,47.53684000015259
2017-08-31,51.68551076282619,A,54.9730339050293,53.864810943603516,52.925235748291016,52.313815689086915,52.452044830322265,50.439616470336915,47.59828708648681
2017-09-01,52.38534678175893,A,55.06063461303711,54.29408264160156,53.323843765258786,52.47552280426025,52.502084197998045,50.52621028900146,47.65900188446045
2017-09-04,52.72330493105815,A,55.06063461303711,54.600703430175784,53.66842842102051,52.62883358001709,52.55067665100098,50.61150177001953,47.72344034194946
2017-09-05,52.68780484559054,A,54.93653869628906,54.799278259277344,53.923947143554685,52.76681423187256,52.60185218811035,50.70032764434814,47.779704551696774
2017-09-06,53.275862712568845,A,56.25064086914063,55.25629653930664,54.327667236328125,52.950423622131346,52.671639862060545,50.80374168395996,47.8453409576416
2017-09-07,55.03079160179198,A,59.70378875732422,56.202447509765626,55.03362922668457,53.364364051818846,52.816857986450195,50.93929943084717,47.93405904769897
2017-09-08,57.899572175550105,A,62.302772521972656,57.650875091552734,55.97247886657715,53.901318359375,53.0136215209961,51.100557746887205,48.034814548492434
2017-09-11,61.317112058357964,A,63.514678955078125,59.34168395996094,56.97119369506836,54.4919319152832,53.23592544555664,51.26785713195801,48.136558322906495
2017-09-12,65.18176494181736,A,64.06221008300781,61.16681823730469,57.98304824829101,55.12744426727295,53.469179992675784,51.43744831085205,48.23834457397461
2017-09-13,68.55365859550007,A,64.58785247802734,62.83426055908203,59.045278549194336,55.78631801605225,53.71207939147949,51.61273006439209,48.34853952407837
2017-09-14,70.07071091087082,A,65.13539123535156,63.9205810546875,60.06151428222656,56.49337501525879,53.976782608032224,51.786034660339354,48.458244953155514
2017-09-15,69.45315772741,A,63.78478240966797,64.21698303222657,60.93392906188965,57.12888641357422,54.21013252258301,51.94677375793457,48.55892774581909
2017-09-18,67.50808001614676,A,62.28816986083984,63.97168121337891,61.65668258666992,57.66255550384521,54.41644424438476,52.08863948822022,48.65035430908203
2017-09-19,65.56879172118785,A,63.05473327636719,63.77018585205078,62.468502044677734,58.19622459411621,54.63794258117676,52.23708564758301,48.74579097747803
2017-09-20,63.6647247217837,A,63.8139877319336,63.615412902832034,63.22483673095703,58.77625198364258,54.864696960449216,52.392328338623045,48.846158752441404
2017-09-21,61.57316273929837,A,63.8139877319336,63.351132202148435,63.63585662841797,59.33474292755127,55.08050094604492,52.54402576446533,48.94528532028198
2017-09-22,60.403732285010996,A,63.86509323120117,63.36719436645508,63.79208869934082,59.882283782958986,55.290318145751954,52.69797058105469,49.0439581489563
2017-09-25,59.92188274645533,A,63.20074844360352,63.54971008300781,63.76069564819336,60.36594467163086,55.492835235595706,52.85091575622559,49.13930925369263
2017-09-26,58.64085440784526,A,62.310096740722656,63.40078277587891,63.58548431396484,60.78426628112793,55.68440185546875,52.995243835449216,49.23041986465454
2017-09-27,56.874915429613566,A,61.87203598022461,63.01239242553711,63.31390266418457,61.17959060668945,55.85932266235351,53.13656600952149,49.32185806274414
2017-09-28,56.85298031949406,P,64.94557189941406,63.2387092590332,63.29492073059082,61.67821750640869,56.07760864257813,53.313543701171874,49.427919235229496
2017-09-29,56.94722661005403,A,64.87255859375,63.44020233154297,63.40369834899902,62.168813705444336,56.28538200378418,53.48429229736328,49.531203804016116
2017-10-02,58.027940525183546,A,65.98954010009766,63.9979606628418,63.77383537292481,62.71525897979736,56.5260075378418,53.661797065734866,49.64007328033447
2017-10-03,59.55736341077181,A,65.48579406738281,64.63310012817382,64.01694145202637,63.242721748352054,56.77685356140137,53.83296199798584,49.74585662841797
2017-10-04,61.43945510374471,A,65.63182830810547,65.38505859375,64.19872550964355,63.711781120300294,57.02959838867187,54.016295738220215,49.85318580627441
2017-10-05,61.50559680938696,A,65.83625030517578,65.56319427490234,64.40095176696778,64.01840419769287,57.298988342285156,54.19979259490967,49.959905776977536
2017-10-06,61.509961397586004,A,66.06257629394531,65.8011978149414,64.62070007324219,64.2063943862915,57.59174026489258,54.385914421081544,50.06814750671387
2017-10-09,60.69297479595942,A,66.27426147460938,65.85814208984375,64.92805137634278,64.34437351226806,57.89646446228027,54.575166015625,50.177447662353515
2017-10-10,60.22704120139168,A,66.55899047851562,66.07278137207031,65.35294075012207,64.46921253204346,58.20002090454101,54.76437068939209,50.28891616821289
2017-10-11,60.10853534053081,A,67.44234466552734,66.43488464355468,65.90997161865235,64.61193714141845,58.51642601013184,54.96175769805908,50.401680641174316
2017-10-12,60.050505289246466,A,67.20712280273438,66.70905914306641,66.13612670898438,64.7155237197876,58.824038619995115,55.15397071838379,50.51156679153442
2017-10-13,59.86826725903976,A,66.65572357177734,66.82768859863282,66.3144432067871,64.85907077789307,59.12062324523926,55.34255096435547,50.61862503051758
2017-10-16,59.82128932657784,A,66.9277572631836,66.95838775634766,66.4082649230957,65.09105014801025,59.41929000854492,55.53385154724121,50.72555400848389
2017-10-17,59.87687880743684,A,67.75847625732422,67.19828491210937,66.63553314208984,65.3262372970581,59.730921020507814,55.733748779296874,50.83713304519653
2017-10-18,60.7258284407683,A,70.60348510742188,67.83051300048828,67.13269882202148,65.66571216583252,60.091421661376955,55.96209609985352,50.971140155792234
2017-10-19,62.29816726301065,A,70.92694091796875,68.57447662353516,67.64176788330079,66.02135982513428,60.481460876464844,56.18868541717529,51.10626302719116
2017-10-20,63.911256252233585,A,70.64759826660156,69.3728515625,68.1002700805664,66.3604850769043,60.863139114379884,56.408574180603026,51.23744590759277
2017-10-23,64.89449374986559,A,69.47870635986328,69.88304138183594,68.4207145690918,66.67438297271728,61.21866508483887,56.61489288330078,51.36278432846069
2017-10-24,64.54751669413083,A,67.40557861328125,69.81246185302734,68.50537338256837,66.92915706634521,61.539737396240234,56.79787540435791,51.478222827911374
2017-10-25,62.61366023867726,A,67.46440124511719,69.18464508056641,68.50757904052735,67.20877532958984,61.86081787109375,56.97507888793945,51.59467182159424
2017-10-26,59.51692111601678,A,65.83975219726562,68.16720733642578,68.37084197998047,67.25348434448242,62.15772789001465,57.13596355438232,51.704000606536866
2017-10-27,57.40747633349429,A,67.58203887939453,67.55409545898438,68.46347351074219,67.38895835876465,62.48787757873535,57.3076868057251,51.82286470413208
2017-10-30,55.55662640734615,A,66.86894989013672,67.03214416503906,68.4575927734375,67.4329288482666,62.79296081542969,57.47329208374023,51.93884391784668
2017-10-31,54.68063296553411,P,66.34698486328125,66.82042541503907,68.3164436340332,67.47598838806152,63.07227348327637,57.63266479492187,52.05357458114624
2017-11-01,54.63568011797121,P,67.95697021484375,66.91893920898437,68.05179214477539,67.59224548339844,63.38714408874512,57.801987113952634,52.17348945617676
2017-11-02,55.23725814424139,P,66.91305541992188,67.13359985351562,67.6504035949707,67.64608573913574,63.67252182006836,57.96029155731201,52.288578815460205
2017-11-03,55.179846772278204,P,67.86138153076172,67.18946838378906,67.37178192138671,67.73602600097657,63.971463928222654,58.124823112487796,52.412959003448485
2017-11-06,55.782549215108865,A,68.33922576904297,67.48352355957032,67.2578338623047,67.83927421569824,64.26769783020019,58.29203506469727,52.53818815231323
2017-11-07,56.973362346138735,A,69.07437133789062,68.02900085449218,67.42471313476562,67.965043258667,64.57031196594238,58.46746654510498,52.66465717315674
2017-11-08,58.06973737349009,A,70.36088562011719,68.50978393554688,67.71436157226563,68.11097030639648,64.89821868896485,58.6548950958252,52.798346824645996
2017-11-09,59.76360234416769,A,70.49321746826172,69.22581634521484,68.17970809936523,68.27527503967285,65.2086223602295,58.83033359527588,52.93269813537598
2017-11-10,60.84871227142268,A,70.15503692626953,69.6845474243164,68.43700790405273,68.45024070739746,65.51051040649413,59.0062973022461,53.06614658355713
2017-11-13,61.44867321334516,A,69.9271469116211,70.00213165283203,68.74282760620117,68.60021018981934,65.80784065246581,59.1792586517334,53.19852722167969
2017-11-14,61.27434401596494,A,69.65516662597656,70.11829071044922,69.0736457824707,68.69504470825196,66.10221321105956,59.35203269958496,53.32987037658691
2017-11-15,59.83206183859658,A,68.92733764648438,69.83158111572266,69.17068252563476,68.61123733520508,66.35574714660645,59.513693504333496,53.457717666625975
2017-11-16,58.229962709221674,A,69.44931030273438,69.62279968261718,69.42430801391602,68.53735580444337,66.55065757751464,59.68375778198242,53.58702848434448
2017-11-17,56.584310850023606,P,68.81707000732422,69.35520629882812,69.51987686157227,68.44582939147949,66.68094352722169,59.847282524108884,53.71468263626099
2017-11-20,55.064035233890216,P,68.80972290039062,69.13172149658203,69.56692657470703,68.41238021850586,66.78684440612793,60.011384925842286,53.841977710723874
2017-11-21,54.20603465233139,P,69.60368347167969,69.12142486572266,69.61985778808594,68.52228546142578,66.89767387390137,60.18342693328857,53.97213207244873
2017-11-22,54.16983606290621,A,69.44931030273438,69.22581939697265,69.52870025634766,68.62153091430665,66.9949030303955,60.3534912109375,54.098541431427
2017-11-23,54.05453391125625,A,69.44931030273438,69.22581939697265,69.42430953979492,68.80200881958008,67.08118141174316,60.5289820098877,54.22555974960327
2017-11-24,54.51124261720795,A,69.63310241699219,69.38902587890625,69.37211608886719,68.90456199645996,67.19814781188965,60.704140167236325,54.35245822906494
2017-11-27,55.36390042656391,A,70.14767456054688,69.6566162109375,69.39416885375977,69.06849822998046,67.35533790588379,60.885891075134275,54.481929569244386
2017-11-28,55.685337934190756,A,70.14767456054688,69.76541442871094,69.4434196472168,69.25853271484375,67.49719673156739,61.06756965637207,54.61118591308594
2017-11-29,56.22028591996399,A,70.4417495727539,69.96390228271484,69.59486083984375,69.38277168273926,67.62975196838379,61.247224464416504,54.7435962677002
2017-11-30,57.07232602778199,A,71.2503890991211,70.3241180419922,69.77496871948242,69.59963836669922,67.77847999572754,61.42949047088623,54.87797218322754
2017-12-01,57.541030890159156,A,70.80933380126953,70.55936431884766,69.97419509887695,69.74703598022461,67.9173648071289,61.60384147644043,55.00960556030273
2017-12-04,57.17939960369821,A,70.00065612792969,70.52996063232422,70.09328842163086,69.83010749816894,68.05336296081543,61.77309909820556,55.13672979354858
2017-12-05,56.90247099408642,A,70.1403579711914,70.52849731445312,70.14695587158204,69.88340682983399,68.2099681854248,61.947185020446774,55.265913791656494
2017-12-06,56.087723093208446,A,69.39785766601562,70.31971893310546,70.14181060791016,69.8352554321289,68.36048461914062,62.10990364074707,55.387839012145996
2017-12-07,54.52455684279952,A,69.28021240234375,69.92568359375,70.1249008178711,69.77460517883301,68.44717742919921,62.26239303588867,55.507671451568605
2017-12-08,53.839878370322936,A,70.53731536865234,69.87127990722657,70.2153221130371,69.79371910095215,68.56047256469726,62.42292728424072,55.63346710205078
2017-12-11,53.791933688463246,A,70.91960144042969,70.05506896972656,70.29251480102539,69.84334182739258,68.6590737915039,62.59254066467285,55.760421924591064
2017-12-12,53.75658181878714,A,70.79462432861328,70.18592224121093,70.35720977783203,69.90031471252442,68.76525039672852,62.77105197906494,55.88625032424927
2017-12-13,54.661269831958045,A,71.56652069091797,70.61965484619141,70.46968688964844,70.03227386474609,68.88394424438476,62.95677131652832,56.01432628631592
2017-12-14,55.507601350942714,A,70.79462432861328,70.92253723144532,70.42411041259766,70.09953956604004,68.98311172485352,63.141050033569336,56.1372532081604
2017-12-15,56.025212461033966,A,71.64004516601562,71.14308319091796,70.50718154907227,70.24068832397461,69.09466110229492,63.34320068359375,56.25946388244629
2017-12-18,56.6187448777045,A,72.18403625488281,71.39597015380859,70.72551956176758,70.40940399169922,69.21285659790038,63.55466053009033,56.384501972198485
2017-12-19,57.026856612923126,A,71.98554992675781,71.6341552734375,70.91003875732422,70.52849731445312,69.32138778686523,63.760704345703125,56.50919248580933
2017-12-20,56.705136480949655,A,71.61064910888672,71.64298095703126,71.13131790161133,70.63656425476074,69.40475387573242,63.96058994293213,56.62885622024536
2017-12-21,57.143043894897495,A,71.97821807861328,71.87969970703125,71.40111846923828,70.76300964355468,69.50017578125,64.16210720062256,56.752686195373535
2017-12-22,57.16426261787748,A,72.19876098632812,71.99144287109375,71.56726303100587,70.89129257202148,69.61103652954101,64.36582988739013,56.87837108612061
2017-12-25,56.72322538965361,A,72.19876098632812,71.99438781738282,71.6951789855957,70.99384689331055,69.71645660400391,64.56787330627441,57.003661918640134
2017-12-26,56.30224070632556,A,71.860595703125,71.96939697265626,71.80177612304688,71.07949295043946,69.79849899291992,64.76471000671387,57.128873920440675
2017-12-27,56.04151141671249,A,72.11051940917969,72.06937103271484,71.85617599487304,71.16293144226074,69.82863967895508,64.96003067016602,57.254726543426514
2017-12-28,55.365591408084725,A,71.88997650146484,72.05172271728516,71.9657112121582,71.19491081237793,69.847900390625,65.16468063354492,57.37901084899902
2017-12-29,54.38027120185138,A,71.09601593017578,71.83117370605468,71.91130828857422,71.20924491882325,69.85686874389648,65.36000392913819,57.49943269729614
2018-01-01,53.6255831841967,A,71.09601593017578,71.61062469482422,71.80250625610351,71.26401290893554,69.88921493530273,65.5539400100708,57.61813526153564
2018-01-02,53.77926558325893,A,72.34578704833984,71.7076629638672,71.83852996826172,71.37428436279296,69.98801910400391,65.76387825012208,57.74351644515991
2018-01-03,54.62062498120205,A,73.47787475585938,71.98113403320312,72.02525253295899,71.57828521728516,70.10828857421875,65.98455322265625,57.87531038284302
2018-01-04,55.495539492114524,A,73.05887603759766,72.21491394042968,72.13331832885743,71.76721839904785,70.25267105102539,66.20519947052001,58.00611972808838
2018-01-05,57.28183248816179,A,74.3306884765625,72.86184844970703,72.34651107788086,71.95688705444336,70.38764404296874,66.43776081085205,58.14436275482178
2018-01-08,58.4655266789976,A,73.13973236083984,73.27059173583984,72.44060821533203,72.06789360046386,70.51305969238281,66.65301025390625,58.27711668014526
2018-01-09,59.00897692889357,A,73.69109344482422,73.53965301513672,72.62365798950195,72.21271705627441,70.65994186401367,66.86610767364502,58.412340831756595
2018-01-10,58.47503291614215,A,73.28675842285156,73.50142974853516,72.74128189086915,72.2987289428711,70.76653762817382,67.07684085845948,58.546080646514895
2018-01-11,58.287363755539225,A,73.50149536132812,73.58995361328125,72.90243377685547,72.43407249450684,70.89830642700196,67.28541412353516,58.680464305877685
2018-01-12,57.7443774864594,A,74.29373931884766,73.58256378173829,73.22220611572266,72.56675720214844,71.02695358276367,67.49920875549316,58.81716138839722
2018-01-15,57.83951174378197,A,74.29373931884766,73.81336517333985,73.54197845458984,72.67224235534668,71.14604385375976,67.70687084197998,58.95590030670166
2018-01-16,58.30116994321211,A,75.88563537597656,74.25227355957031,73.89596328735351,72.86724662780762,71.28226913452148,67.92629055023194,59.10314134597778
2018-01-17,59.78727609846985,A,77.27023315429688,75.04896850585938,74.27519912719727,73.15022583007813,71.42045608520507,68.15933738708496,59.2566180229187
2018-01-18,60.75654623494509,A,76.86299133300781,75.72126770019531,74.65561065673828,73.39446449279785,71.5478515625,68.37823696136475,59.40892671585083
2018-01-19,61.63994774751563,A,77.4775390625,76.35802764892578,74.97029571533203,73.65840339660645,71.69430160522461,68.60240600585938,59.56430814743042
2018-01-22,63.18732605500094,A,78.84732818603516,77.26874542236328,75.54105529785156,73.9908317565918,71.8727052307129,68.84027294158936,59.725887355804446
2018-01-23,63.66826239597978,A,78.02546691894531,77.69671173095703,75.97449264526367,74.29907531738282,72.04011123657227,69.07116222381592,59.885744934082034
2018-01-24,63.489156008252394,A,78.12171173095703,77.86700744628907,76.45798797607422,74.59963493347168,72.22399871826173,69.28987293243408,60.046807308197025
2018-01-25,64.35867588149155,A,80.1874771118164,78.53190460205079,77.12658615112305,75.01450996398925,72.43876205444336,69.49470981597901,60.21700462341309
2018-01-26,70.02254989000367,A,91.22714233398438,81.28182525634766,78.81992645263672,76.02106628417968,72.88696350097656,69.78395351409912,60.442255630493165
2018-01-29,74.36783246579796,A,90.56076049804688,83.62451171875,80.44662857055664,76.99430351257324,73.32198425292968,70.05441432952881,60.66113573074341
2018-01-30,76.91225847706802,A,85.79985809326172,85.17938995361328,81.43805084228515,77.66700706481933,73.64590774536133,70.27179080963134,60.8546195602417
2018-01-31,78.10885324098831,A,83.08992004394531,86.17303161621093,82.02001953125,78.14760932922363,73.91871994018555,70.45681148529053,61.034770774841306
2018-02-01,79.62122061028634,A,86.14044189453125,87.3636245727539,82.94776458740235,78.80168762207032,74.25254257202148,70.66686199188233,61.22644832611084
2018-02-02,74.26750412034058,A,85.27417755126953,86.17303161621093,83.7274284362793,79.34886207580567,74.56536407470703,70.88175594329834,61.414264850616455
2018-02-05,67.64419923795457,A,81.0833969116211,84.27755889892578,83.95103530883789,79.74604530334473,74.78407852172852,71.06970821380615,61.57917385101318
2018-02-06,64.63995910612378,A,82.33470916748047,83.58452911376953,84.3819595336914,80.17822608947753,75.02781921386719,71.26250797271729,61.749796810150144
2018-02-07,64.28083732937596,A,84.12653350830078,83.79185180664062,84.98244171142578,80.72021484375,75.30151489257813,71.46563343048096,61.928980884552004
2018-02-08,60.36477120949758,A,80.3207778930664,82.62791900634765,84.99577178955079,81.06117897033691,75.48292266845704,71.63070133209229,62.08736354827881
2018-02-09,58.39358776264027,A,82.40876007080078,82.05483551025391,84.11393356323242,81.46693000793456,75.71491119384766,71.81613800048828,62.257054290771485
2018-02-12,59.21520768667286,P,82.87521362304688,82.41319885253907,83.34537887573242,81.89600372314453,75.97240234375,72.01288265228271,62.43189920425415
2018-02-13,59.000482832330114,P,82.8233871459961,82.51093444824218,83.04773178100587,82.24289131164551,76.22606292724609,72.21801555633544,62.60662969589234
2018-02-14,58.02104992579691,P,83.7267074584961,82.43096923828125,83.11141052246094,82.56571502685547,76.5126399230957,72.43656227111816,62.786564140319825
2018-02-15,60.2328754648741,A,85.07424926757812,83.3816635131836,83.00479125976562,82.97627792358398,76.82852066040039,72.63784904479981,62.97569637298584
2018-02-16,63.443183389977094,A,87.81379699707031,84.4626708984375,83.25875320434571,83.4930908203125,77.17405029296874,72.867261428833,63.17577686309814
2018-02-19,65.86868832346725,A,87.81379699707031,85.45038757324218,83.93179321289062,83.94141426086426,77.51193420410156,73.08550399780273,63.373650531768796
2018-02-20,67.85582499455363,A,87.35475158691406,86.35666046142578,84.43379745483398,84.40787849426269,77.84313674926757,73.30419357299805,63.56857778549195
2018-02-21,69.10260872393847,A,87.30292510986328,87.07190399169922,84.75143661499024,84.866939163208,78.15786483764649,73.52090454101562,63.76860013961792
2018-02-22,69.54371881919046,A,87.04376983642578,87.46580810546875,85.42373580932617,85.20975379943847,78.48284774780274,73.73297973632812,63.9663861656189
2018-02-23,67.97371780218003,A,87.92487335205078,87.48802337646484,85.97534713745117,85.0446403503418,78.80854431152343,73.95160270690918,64.16875856399537
2018-02-26,67.14076770594347,A,89.99063873291016,87.92339172363282,86.6868896484375,85.01613426208496,79.16467636108399,74.18876647949219,64.3819662475586
2018-02-27,65.87199190883346,A,87.56207275390625,87.96485595703125,87.16075820922852,85.10424499511718,79.47620681762696,74.3987973022461,64.58158399581909
2018-02-28,64.236560078562,A,85.7628402709961,87.6568389892578,87.36437149047852,85.23789100646972,79.75925064086914,74.58200225830078,64.77187997817992
2018-03-01,61.624197112415295,P,84.2894058227539,87.10596618652343,87.2858871459961,85.14533920288086,80.00547439575195,74.75282508850097,64.95339790344238
2018-03-02,60.202350345170096,A,85.17790985107422,86.55657348632812,87.02229843139648,85.1405258178711,80.26505737304687,74.93804695129394,65.14029895782471
2018-03-05,58.10789765924719,A,85.6369857788086,85.68584289550782,86.80461730957032,85.36820526123047,80.53382186889648,75.1251392364502,65.3294953918457
2018-03-06,56.59196114791845,P,84.82251739501953,85.13793182373047,86.55139389038087,85.49259567260742,80.79306030273438,75.29577964782715,65.51476421356202
2018-03-07,55.82263254214781,P,84.94097137451172,84.97355804443359,86.3151985168457,85.53331756591797,81.04966934204101,75.43915451049804,65.70062530517578
2018-03-08,57.35569364386336,P,86.63652801513672,85.44298248291015,86.2744743347168,85.84910507202149,81.34460037231446,75.59625038146973,65.89246789932251
2018-03-09,59.232258965353616,P,88.32469940185547,86.07234039306641,86.31445693969727,86.14490203857422,81.68917404174805,75.77302139282227,66.09079778671264
2018-03-12,60.27307520769384,A,87.59169006347656,86.46328125,86.0745620727539,86.3807258605957,82.01908752441406,75.9541512298584,66.28452205657959
2018-03-13,62.27595047816646,A,88.6653060913086,87.23183898925781,86.18488540649415,86.67282180786133,82.34547790527344,76.16674850463868,66.48231195449829
2018-03-14,63.98002814414048,A,88.0655517578125,87.85675506591797,86.41515655517578,86.88976402282715,82.6372314453125,76.37276000976563,66.67391944885254
2018-03-15,62.96363511251914,A,85.09648895263672,87.54874725341797,86.49586486816406,86.89087600708008,82.87798370361328,76.56532737731933,66.85064546585083
2018-03-16,60.39910974236941,A,84.19314575195312,86.7224365234375,86.39738845825195,86.70984344482422,83.0752328491211,76.73143844604492,67.01956262588502
2018-03-19,58.02426363291324,A,82.94921875,85.79394226074218,86.1286117553711,86.4666145324707,83.2714225769043,76.89224113464356,67.1827666091919
2018-03-20,54.95320508251825,P,83.40831756591797,84.74254455566407,85.98719177246093,86.2692928314209,83.46576705932617,77.06285446166993,67.3477596282959
2018-03-21,52.08334227293141,P,83.2602310180664,83.78148040771484,85.81911773681641,86.06715812683106,83.66523651123048,77.21588706970215,67.50893709182739
2018-03-22,46.123766068971825,P,72.63520050048828,81.28922271728516,84.41898498535156,85.34672966003419,83.64791061401367,77.27310852050782,67.61670003890991
2018-03-23,40.854204602843986,P,72.16133880615234,78.882861328125,82.80264892578126,84.55855293273926,83.60526260375977,77.31610809326172,67.72046560287475
2018-03-26,35.32114647323829,P,70.54722595214844,76.40246276855468,81.09820251464843,83.58638229370118,83.53033233642579,77.33818809509278,67.81511157989502
2018-03-27,28.422506330308153,P,68.12606811523438,73.34601287841797,79.04427871704101,82.61458206176758,83.37514099121094,77.3287050628662,67.8980858039856
2018-03-28,22.434416070899147,P,69.79938507080078,70.65384368896484,77.21766204833985,81.81640930175782,83.22572402954101,77.32309005737305,67.98899257659912
2018-03-29,22.965130158708803,P,70.08075714111328,70.14295501708985,75.7160888671875,81.10597686767578,83.09007934570313,77.31896545410156,68.07464952468872
2018-03-30,24.00765459079709,P,70.08075714111328,69.72683868408203,74.30485000610352,80.35111923217774,82.94214370727539,77.31822265625,68.16225997924805
2018-04-02,24.899696908472993,B,67.71881866455078,69.1611572265625,72.7818099975586,79.45521087646485,82.7195735168457,77.2961393737793,68.23769901275635
2018-04-03,27.116428375579826,B,67.07464599609375,68.95087280273438,71.14844284057617,78.56781730651855,82.50055709838867,77.27033416748047,68.31118343353272
2018-04-04,29.060572085667108,B,68.81462097167969,68.75391998291016,69.7038818359375,77.76149978637696,82.31441528320312,77.26920700073242,68.39145025253296
2018-04-05,29.566784156353645,B,68.27411651611328,68.39259185791016,69.2677734375,76.84337921142578,82.07614807128907,77.25745506286621,68.47060642242431
2018-04-06,28.515166145502974,B,66.47490692138672,67.67142181396484,68.69913024902344,75.75088958740234,81.58110336303712,77.23403343200684,68.54065797805787
2018-04-09,29.11193366751743,B,66.99320220947266,67.52629852294922,68.34372787475586,74.72096519470215,81.10975219726562,77.21586822509765,68.61362657546997
2018-04-10,31.116233581543582,B,69.31812286376953,67.97499389648438,68.46293334960937,73.7536060333252,80.78011749267579,77.21301261901856,68.69821977615356
2018-04-11,32.33877367130732,B,69.33293151855469,68.07865600585937,68.41628799438476,72.81697502136231,80.50497772216796,77.21184883117675,68.78267002105713
2018-04-12,32.957886872257454,B,68.91399383544922,68.20663146972656,68.29961166381835,72.00785026550292,80.16044876098633,77.20649566650391,68.8677388381958
2018-04-13,35.30128059345081,B,68.69705963134766,68.65106201171875,68.1612419128418,71.23304595947266,79.82890640258789,77.19713523864746,68.95063770294189
2018-04-16,37.55918769024101,B,69.2730712890625,69.10703582763672,68.31666717529296,70.54923858642579,79.59269989013671,77.18838920593262,69.03714014053345
2018-04-17,38.25958080797009,C,70.01368713378906,69.24614868164062,68.6105712890625,69.87950706481934,79.34627944946288,77.18704933166504,69.12730949401856
2018-04-18,39.11767907887823,C,70.5597915649414,69.49152069091797,68.78508834838867,69.24448509216309,79.07494461059571,77.18822975158692,69.21772710800171
2018-04-19,40.676160511568476,C,69.57980346679688,69.6246826171875,68.91565704345703,69.09171524047852,78.86012512207031,77.17152389526368,69.30050718307496
2018-04-20,41.98569421134152,C,69.2730712890625,69.73988494873046,69.1954734802246,68.94730186462402,78.59741134643555,77.1561612701416,69.38000137329101
2018-04-23,42.76425623255559,C,69.6994857788086,69.82516784667969,69.4661018371582,68.90491485595703,78.33389678955078,77.15314956665038,69.46312433242798
2018-04-24,42.810225895209356,C,68.34545135498047,69.49152069091797,69.3688346862793,68.91588401794434,78.04433807373047,77.13520050048828,69.54119276046752
2018-04-25,42.83896534636986,B,68.72696685791016,69.12495574951171,69.30823822021485,68.86226310729981,77.74434326171875,77.12849159240723,69.61919761657715
2018-04-26,44.17148013407577,C,72.89382934570312,69.78776092529297,69.70622177124024,69.0029167175293,77.50073486328125,77.16462776184082,69.71351039886474
2018-04-27,45.78408666850532,A,73.85887145996094,70.70492095947266,70.22240295410157,69.19182243347169,77.22163635253906,77.19784332275391,69.81038530349731
2018-04-30,46.51838660911982,A,72.22801971435547,71.21062774658203,70.51789779663086,69.41728248596192,76.90992080688477,77.21092750549316,69.901734085083
2018-05-01,50.11708407978591,A,76.35749816894531,72.813037109375,71.15227890014648,69.8814250946045,76.68997573852539,77.26655624389649,70.01880411148072
2018-05-02,52.92887950466508,A,75.08573150634766,74.0847900390625,71.60487289428711,70.19498062133789,76.44563186645507,77.30174835205078,70.12925983428956
2018-05-03,53.39947512512848,A,75.0184097290039,74.50970611572265,72.14873352050782,70.53219528198242,76.20512466430664,77.3439862060547,70.24251811981202
2018-05-04,53.53937802143995,A,74.93611145019531,74.72515411376953,72.7150375366211,70.95525550842285,75.94534942626953,77.37694686889648,70.36007377624512
2018-05-07,54.189512614642474,A,74.53215789794922,75.18598175048828,73.19830474853515,71.33220329284669,75.63617980957031,77.40042808532715,70.47754430770874
2018-05-08,52.16583974702518,A,74.360107421875,74.78650360107422,73.79977035522461,71.58430252075195,75.37214050292968,77.42417366027831,70.59243900299072
2018-05-09,51.84079894565773,A,75.69169616699219,74.90769653320312,74.49624328613281,71.90224075317383,75.17071762084962,77.46498413085938,70.71278703689575
2018-05-10,52.15174714638059,A,76.94099426269531,75.2922134399414,74.90095977783203,72.30359077453613,75.02374938964844,77.5146118927002,70.83835954666138
2018-05-11,52.834573006404526,A,77.93595123291016,75.89218139648438,75.30866775512695,72.76553535461426,74.87891021728515,77.57198379516602,70.96890684127807
2018-05-14,54.40569760312525,A,79.2151870727539,76.82878723144532,76.0073844909668,73.26264114379883,74.75047424316406,77.64214805603028,71.10501068115235
2018-05-15,55.55915016005914,A,77.93595123291016,77.54395599365235,76.16522979736328,73.65875434875488,74.61274291992187,77.70290161132813,71.23380580902099
2018-05-16,56.029205483069155,A,78.57930755615234,78.12147827148438,76.51458740234375,74.05973014831542,74.48550964355469,77.76758949279785,71.36381008148193
2018-05-17,56.22559759432436,A,78.78878784179688,78.49103698730468,76.89162521362304,74.52017936706542,74.32855484008789,77.83657760620117,71.50062911987305
2018-05-18,56.153213833958326,A,79.28253173828125,78.7603530883789,77.32626724243164,75.02065238952636,74.1477114868164,77.91844276428223,71.63922334671021
2018-05-21,55.303626487110826,A,79.46953582763672,78.81122283935547,77.82000503540038,75.50915489196777,73.9852684020996,78.00217796325684,71.77805898666382
2018-05-22,55.63986986922372,A,79.46953582763672,79.11793975830078,78.33094787597656,76.06535911560059,73.80135299682617,78.07341545104981,71.91864685058594
2018-05-23,55.327350466460594,A,78.99822998046875,79.20172424316407,78.66160125732422,76.57892227172852,73.6200065612793,78.1286190032959,72.05658611297608
2018-05-24,53.92791138792082,A,77.15794372558594,78.87555541992188,78.68329620361328,76.79212799072266,73.46123565673828,78.16960968017578,72.1874045753479
2018-05-25,51.52006238056074,A,75.61688232421875,78.14242553710938,78.45138931274414,76.88002853393554,73.2897103881836,78.18247161865234,72.3101162147522
2018-05-28,49.22964309920468,A,75.61688232421875,77.37189483642578,78.09155883789063,77.04947166442871,73.14306365966797,78.20724311828613,72.43012668609619
2018-05-29,45.9223161342369,P,74.41246032714844,76.36047973632813,77.73920974731445,76.95221977233886,72.96314651489257,78.21445678710937,72.5402822303772
2018-05-30,44.4347001728116,P,77.0606918334961,75.9729721069336,77.58734817504883,77.05096778869628,72.83915573120117,78.25219612121582,72.66451848983765
2018-05-31,43.473876047797944,P,74.01597595214844,75.34457855224609,77.11006698608398,77.00084609985352,72.86677124023437,78.25734092712402,72.77137752532958
2018-06-01,43.31489652589108,P,73.35016632080078,74.8912353515625,76.51683044433594,76.92154884338379,72.89054779052735,78.24790519714355,72.87355697631835
2018-06-04,43.52118424648227,P,74.13566589355469,74.5949920654297,75.98344345092774,76.90172424316407,72.96231658935547,78.24632446289063,72.9765976524353
2018-06-05,44.81754527595954,P,74.24039459228516,74.56057891845703,75.46052932739258,76.89573860168457,73.08460311889648,78.2298720550537,73.07808130264283
2018-06-06,44.45898183295616,P,74.79397583007812,74.10723571777343,75.04010391235352,76.85085258483886,73.18449493408202,78.20510948181152,73.18222343444825
2018-06-07,44.94528386638635,P,74.30023956298828,74.16408843994141,74.75433349609375,76.71881484985352,73.26888458251953,78.17948196411133,73.27885946273804
2018-06-08,46.10262551941788,P,75.130615234375,74.52017822265626,74.70570678710938,76.57854804992675,73.36988174438477,78.15601272583008,73.37920936584473
2018-06-11,46.464558054898596,P,74.63688659667969,74.62042236328125,74.60770721435547,76.34963302612304,73.50824310302734,78.11390830993652,73.47709062576294
2018-06-12,46.5415483248887,P,73.9935302734375,74.57104949951172,74.56581420898438,76.15251197814942,73.64662078857423,78.07358894348144,73.57237558364868
2018-06-13,45.9422444638796,P,72.99857330322266,74.21196899414062,74.15960235595703,75.87347526550293,73.73029983520507,78.0223575592041,73.6561152458191
2018-06-14,45.65767814680035,P,73.87383270263672,74.1266876220703,74.14538803100587,75.62772750854492,73.84229415893554,77.9592211151123,73.72696546554566
2018-06-15,44.57062404803466,P,74.48727416992188,73.99801940917969,74.25909881591797,75.38796463012696,74.00254150390624,77.79182243347168,73.7878879737854
2018-06-18,43.40301935759396,P,73.6718521118164,73.80501251220703,74.21271743774415,75.09808044433593,74.13611450195313,77.62293334960937,73.8386738395691
2018-06-19,42.220227624411415,P,73.32024383544922,73.67035522460938,74.12070236206054,74.79061584472656,74.21615692138671,77.49813720703125,73.8849640083313
2018-06-20,42.32990682316503,P,73.49976348876953,73.77059326171874,73.99128112792968,74.5156925201416,74.29949356079102,77.40223564147949,73.929523563385
2018-06-21,40.89822671192091,P,71.4799575805664,73.29181823730468,73.7092529296875,74.23179321289062,74.35081283569336,77.25563079833984,73.96124639511109
2018-06-22,39.100495953491986,P,69.93888854980469,72.38214111328125,73.19008026123046,73.94789352416993,74.3756494140625,77.10227790832519,73.99201692581177
2018-06-25,37.9662906947275,P,69.60972595214844,71.56971588134766,72.68736419677734,73.64753570556641,74.38238250732422,76.98754119873047,74.02862470626832
2018-06-26,36.62528834310395,P,68.91399383544922,70.68846588134765,72.17941055297851,73.37261238098145,74.36038864135742,76.85333404541015,74.05792100906372
2018-06-27,34.51826102476198,P,68.45767211914062,69.68004760742187,71.7253204345703,72.94246139526368,74.3183462524414,76.69664543151856,74.08113943099976
2018-06-28,34.34147996587885,B,69.14590454101562,69.21323699951172,71.25252761840821,72.69895782470704,74.30966827392578,76.58489669799805,74.10779901504516
2018-06-29,35.01642943249573,B,69.31050109863281,69.08755950927734,70.7348503112793,72.49697456359863,74.3104168701172,76.45391410827636,74.13502605438232
2018-07-02,35.67816383574007,B,69.65461730957031,69.09653778076172,70.33312683105468,72.27292213439941,74.30951950073242,76.3217081451416,74.16729539871216
2018-07-03,36.976276591563916,B,70.02863311767578,69.31946563720703,70.00396575927735,72.06233406066895,74.34318313598632,76.1937606048584,74.20588808059692
2018-07-04,38.70605094399244,P,70.02863311767578,69.63365783691407,69.65685272216797,71.82406692504883,74.36921646118164,76.0567798614502,74.24667106628418
2018-07-05,39.52115443416551,P,70.67949676513672,69.94037628173828,69.576806640625,71.64302978515624,74.3249298095703,75.91283233642578,74.2753406906128
2018-07-06,40.86552955716589,B,72.50480651855469,70.57923736572266,69.8333984375,71.51173934936523,74.29784851074218,75.75974243164063,74.31350193023681
2018-07-09,42.11269483492601,B,72.5946044921875,71.1672348022461,70.1318862915039,71.40962524414063,74.30518020629883,75.60755050659179,74.34652725219726
2018-07-10,43.450977740012355,C,73.9411392211914,71.94973602294922,70.63460083007813,71.40700569152833,74.25685302734375,75.47341438293456,74.3888039779663
2018-07-11,43.70031279125456,C,71.03858184814453,72.15172576904297,70.89269180297852,71.30900611877442,74.1759100341797,75.31077095031738,74.41583774566651
2018-07-12,44.23999848658726,C,72.25530242919922,72.46688690185547,71.20363159179688,71.22807960510254,74.1206478881836,75.16288627624512,74.44793300628662
2018-07-13,44.03796108460208,C,73.0261459350586,72.57115478515625,71.57519607543945,71.15502319335937,74.08244857788085,75.01389900207519,74.48275085449218
2018-07-16,43.536681593877326,C,72.73895263671875,72.6000244140625,71.8836296081543,71.10837821960449,74.04658447265625,74.84138214111329,74.51507431030274
2018-07-17,42.155857663007914,C,72.10415649414062,72.23262786865234,72.09118194580078,71.04757385253906,74.00146545410156,74.68680297851563,74.54280014038086
2018-07-18,41.91644414533783,C,71.34088134765625,72.29308776855468,72.22240676879883,70.9396297454834,73.91444915771484,74.54258338928223,74.56229282379151
2018-07-19,39.744350706276485,B,67.97785949707031,71.4375991821289,71.95224304199219,70.7645248413086,73.73518646240234,74.37946792602538,74.56614650726318
2018-07-20,36.98072034666222,B,67.19190216064453,70.2707504272461,71.42095260620117,70.62717552185059,73.52030548095703,74.1996078491211,74.56882740020752
2018-07-23,34.53126358240301,B,67.5622329711914,69.23540649414062,70.91771545410157,70.52480087280273,73.28724639892579,74.01886032104493,74.57199977874755
2018-07-24,33.27677889167048,B,69.17948150634766,68.65047149658203,70.4415496826172,70.53807525634765,73.11211700439453,73.8624299621582,74.57910480499268
2018-07-25,32.83850455399398,B,70.37353515625,68.45700225830078,70.37504501342774,70.63386840820313,72.94800155639649,73.71675559997558,74.57795505523681
2018-07-26,34.47596624855037,B,70.99323272705078,69.06007690429688,70.24883804321288,70.72623481750489,72.79209045410157,73.56032264709472,74.57828651428223
2018-07-27,35.48394016416298,B,68.43885803222656,69.30946807861328,69.79010925292968,70.68265266418457,72.57521697998047,73.36146423339844,74.56724281311035
2018-07-30,36.690639475438964,C,69.11143493652344,69.61930847167969,69.42735748291015,70.65549354553222,72.3680549621582,73.17666168212891,74.56540645599365
2018-07-31,37.200299809049085,C,69.700927734375,69.72359771728516,69.1870346069336,70.63910827636718,72.17268280029298,72.98701789855957,74.57688320159912
2018-08-01,37.41914603464321,C,70.97056579589844,69.84300384521484,69.1500030517578,70.68620491027832,72.01212951660156,72.81606803894043,74.59441402435303
2018-08-02,38.07570998590028,C,71.88497161865234,70.02135162353515,69.54071426391602,70.7464786529541,71.9066700744629,72.68395286560059,74.62464012145996
2018-08-03,40.7940527157616,C,72.95055389404297,70.92369079589844,70.11657943725587,70.76876602172851,71.85334350585937,72.57152694702148,74.65148269653321
2018-08-06,43.31382841309776,C,73.35111236572266,71.77162628173828,70.69546737670899,70.80659141540528,71.80802810668945,72.47554588317871,74.68389350891113
2018-08-07,44.404978636289115,C,71.08391571044922,72.04822387695313,70.88591079711914,70.66373023986816,71.74145721435546,72.35230186462402,74.70757816314698
2018-08-08,44.57210891917136,C,70.83454132080078,72.0210189819336,70.93201141357422,70.65352821350098,71.61693420410157,72.22804496765137,74.72196601867675
2018-08-09,44.800483036424936,C,72.14949035644531,72.07392272949218,71.04763717651367,70.64823760986329,71.5796044921875,72.22318786621094,74.74814819335937
2018-08-10,44.38308560162833,C,72.39888763427734,71.96358947753906,71.44364013671876,70.61687469482422,71.56057891845703,72.22556335449218,74.77083572387696
2018-08-13,44.08303631929752,C,73.13948822021484,71.9212646484375,71.8464454650879,70.63690147399902,71.54065536499023,72.25148597717285,74.79483703613282
2018-08-14,45.175202527713964,C,72.48956298828125,72.2023941040039,72.12530899047852,70.65617179870605,71.50563873291016,72.29512092590332,74.81191299438477
2018-08-15,46.99138556641402,A,73.64582061767578,72.7646499633789,72.39283447265625,70.77141876220703,71.48267562866211,72.33358528137207,74.82833766937256
2018-08-16,48.093368457901924,A,74.2277603149414,73.18030395507813,72.62711334228516,71.08391380310059,71.48122604370117,72.37505531311035,74.84701038360596
2018-08-17,49.09815300280707,A,74.67362213134766,73.63525085449218,72.79942016601562,71.45799980163574,71.47208618164062,72.4209839630127,74.86960330963134
2018-08-20,49.42008089013748,A,73.78186798095703,73.76372680664062,72.84249572753906,71.76898155212402,71.45498580932617,72.48161445617676,74.88887691497803
2018-08-21,49.97114715903629,A,73.86500549316406,74.03881530761718,73.12060470581055,72.00325775146484,71.4524153137207,72.54951805114746,74.90992610931397
2018-08-22,49.93062520444234,A,73.78941345214844,74.06753387451172,73.41609191894531,72.17405166625977,71.46823211669921,72.59926597595215,74.93423648834228
2018-08-23,49.155495386039085,A,73.41911315917969,73.90580444335937,73.54305419921874,72.29534568786622,71.45913772583008,72.65071594238282,74.95408550262451
2018-08-24,48.55684268644793,A,73.60806274414062,73.69269256591797,73.66397171020508,72.55380592346191,71.44155349731446,72.72204750061036,74.9780404663086
2018-08-27,48.63006072316703,A,74.07660675048828,73.75164031982422,73.75768356323242,72.80206451416015,71.44964859008789,72.79288154602051,75.00437488555909
2018-08-28,48.033425316926866,A,73.50225830078125,73.67909088134766,73.85895309448242,72.99213104248047,71.45328887939453,72.83472290039063,75.02386775970459
2018-08-29,47.590371022152205,A,73.74409484863281,73.67002716064454,73.86878051757813,73.13080749511718,71.4581755065918,72.8788345336914,75.04534168243408
2018-08-30,47.400570722105215,A,73.14706420898438,73.61561737060546,73.76071090698242,73.19391212463378,71.49151763916015,72.92116523742676,75.06383045196533
2018-08-31,46.59944481003014,P,72.53489685058594,73.40098419189454,73.54683837890624,73.17312927246094,71.54343780517578,72.95954360961915,75.0783394241333
2018-09-03,45.53509301572552,P,72.53489685058594,73.09264221191407,73.42214126586914,73.1323184967041,71.60194122314454,72.99216186523438,75.0902755355835
2018-09-04,44.59945195478347,P,71.46177673339844,72.6845458984375,73.18181838989258,73.15121154785156,71.65289688110352,73.00664276123047,75.09684604644775
2018-09-05,43.963779949608714,P,71.93791198730469,72.32330932617188,72.99666824340821,73.20638008117676,71.7225016784668,73.0204239654541,75.10432685852051
2018-09-06,43.04456493160816,P,70.84207916259766,71.86231231689453,72.73896484375,73.14100952148438,71.75642517089844,73.03304672241211,75.10228530883789
2018-09-07,42.687184946470744,P,71.16703796386719,71.58874053955078,72.49486236572265,73.07941703796386,71.79355590820313,73.05198638916016,75.10407382965087
2018-09-10,42.13111079649066,P,70.90253448486328,71.26226806640625,72.17745513916016,72.96756935119629,71.81851425170899,73.0640168762207,75.10858322143555
2018-09-11,41.87969657068573,P,70.41887664794922,71.0536880493164,71.86911697387696,72.8640350341797,71.82631912231446,73.08475112915039,75.10997581481934
2018-09-12,41.281524050282776,P,70.4642105102539,70.75894775390626,71.54112854003907,72.7049545288086,71.83503067016602,73.10212356567382,75.11530757904053
2018-09-13,42.20881868839473,P,72.79943084716797,71.15041809082031,71.50636520385743,72.63353805541992,71.87742935180664,73.10117958068848,75.13290367126464
2018-09-14,42.49117220734695,P,72.30821990966797,71.37865447998047,71.48369750976562,72.51526794433593,71.8734976196289,73.08567306518555,75.14175819396972
2018-09-17,43.05352579947956,P,72.07391357421875,71.61293029785156,71.4375991821289,72.42987022399902,71.86308380126952,73.08413200378418,75.14752975463867
2018-09-18,42.52358186932738,B,69.98809051513672,71.52677307128906,71.29023056030273,72.23602447509765,71.78402282714843,73.02043792724609,75.14349708557128
2018-09-19,41.72781288644119,B,68.7864990234375,71.19123077392578,70.97508926391602,71.9858787536621,71.7389811706543,72.957445602417,75.12959697723389
2018-09-20,40.26573800290615,B,70.04100799560547,70.63954620361328,70.8949821472168,71.8169734954834,71.69469528198242,72.90767158508301,75.12582889556884
2018-09-21,39.03824600825938,B,69.72358703613281,70.12261962890625,70.75063705444336,71.62274971008301,71.62864410400391,72.85554634094238,75.11624660491944
2018-09-24,38.19436787140098,B,70.60025024414062,69.82788696289063,70.7204086303711,71.44893188476563,71.58587005615234,72.81622726440429,75.10832767486572
2018-09-25,38.9287737753505,B,70.8722915649414,70.00472717285156,70.76575012207032,71.31743354797364,71.56123275756836,72.78134910583496,75.10276138305665
2018-09-26,40.35580639216459,B,71.1745834350586,70.48234405517579,70.83678741455078,71.18895797729492,71.55790679931641,72.73617797851563,75.1005810546875
2018-09-27,41.16487857514645,B,71.14435577392578,70.70301361083985,70.67127990722656,71.088822555542,71.62123672485352,72.67821159362794,75.09641174316407
2018-09-28,42.45309328863157,B,71.47689056396484,71.05367431640624,70.58814697265625,71.03592224121094,71.70693649291992,72.61362098693847,75.09280239105225
2018-10-01,43.27998667087092,B,71.7942886352539,71.2924819946289,70.56018447875977,70.99889183044434,71.79157760620117,72.53941200256348,75.09078002929688
2018-10-02,43.524521243367865,B,71.21240234375,71.36050415039062,70.6826156616211,70.98642311096191,71.83223602294922,72.47217651367187,75.0875390625
2018-10-03,44.04189281309569,C,72.55760192871094,71.6371078491211,71.05972595214844,71.01740760803223,71.87591735839844,72.41195945739746,75.08977447509766
2018-10-04,44.006497546337755,C,70.91764068603516,71.59176483154297,71.1473892211914,71.0211856842041,71.87440551757813,72.33324798583985,75.0849127960205
2018-10-05,43.98186532630296,C,71.32575225830078,71.56153717041016,71.3076057434082,71.02912139892578,71.93214340209961,72.25368019104003,75.08606147766113
2018-10-08,43.975794672835434,C,71.65070343017578,71.53282012939454,71.41265106201172,71.0665298461914,71.98292877197265,72.17549186706543,75.08883491516113
2018-10-09,43.92320349294251,C,71.46932220458984,71.5842041015625,71.47235412597657,71.11905212402344,72.01829666137695,72.09548973083496,75.08445259094238
2018-10-10,42.492834992012966,C,70.34329986572266,71.14134368896484,71.38922576904297,71.11300659179688,72.00575134277344,72.0089404296875,75.0687797164917
2018-10-11,41.1581682484381,B,68.544677734375,70.66675109863282,71.12925796508789,70.90026893615723,71.9389454650879,71.92280776977539,75.04620872497559
2018-10-12,39.7642475500293,B,69.27030181884766,70.25566101074219,70.90859909057617,70.74837303161621,71.86534042358399,71.85934196472168,75.02090679168701
2018-10-15,37.82173643543048,B,68.11693572998047,69.54890747070313,70.54086380004883,70.5505241394043,71.76065689086914,71.7843424987793,74.99579280853271
2018-10-16,37.29802442999415,B,70.20214080810547,69.29547119140625,70.43983764648438,70.56122665405273,71.74302139282227,71.74223930358886,74.97834804534912
2018-10-17,37.752684801890496,B,70.47711181640625,69.32223358154297,70.2317886352539,70.64575729370117,71.73587280273438,71.67640350341797,74.9642998123169
2018-10-18,38.476987492983234,B,68.6668930053711,69.34667663574218,70.0067138671875,70.57705154418946,71.6662208557129,71.6229126739502,74.94012680053712
2018-10-19,38.162555170293274,B,67.19271087646484,68.93115844726563,69.59340972900391,70.45050773620605,71.56209732055665,71.56133811950684,74.9046216583252
2018-10-22,37.108166846693,B,64.36662292480469,68.18109588623047,68.8650016784668,70.13882637023926,71.38664001464844,71.46364768981934,74.85498607635498
2018-10-23,33.9300152676934,B,63.36600875854492,66.81386947631836,68.0546703338623,69.76351222991943,71.20416893005371,71.35490383148193,74.79238794326783
2018-10-24,29.280036059176012,B,60.65446090698242,64.84933929443359,67.08578643798828,69.23750610351563,70.94434173583984,71.21350868225097,74.70930908203125
2018-10-25,26.329307133813384,B,62.426513671875,63.601263427734374,66.47397003173828,68.80161399841309,70.70831680297852,71.09477142333985,74.63712669372559
2018-10-26,23.876745119125065,B,61.708534240722656,62.50442810058594,65.71779327392578,68.31319618225098,70.44901504516602,70.96055061340331,74.5582816696167
2018-10-29,23.421368582777177,B,62.14388275146485,62.059880065917966,65.12048797607422,67.83067588806152,70.21625534057618,70.83562057495118,74.47476444244384
2018-10-30,23.849749068546554,B,62.3195686340332,61.850592041015624,64.332230758667,67.38603420257569,69.98534660339355,70.71888095855712,74.39623495101928
2018-10-31,24.586177228675297,B,59.46291732788086,61.612283325195314,63.230811309814456,66.73129997253417,69.69881668090821,70.58352439880372,74.3029409790039
2018-11-01,24.862184899981056,B,61.26552200317383,61.38008499145508,62.49067420959473,66.24869403839111,69.45574485778809,70.45744129180908,74.20833120346069
2018-11-02,24.969019131512514,B,60.7690315246582,61.19218444824219,61.848306274414064,65.72085800170899,69.19896423339844,70.32025886535645,74.05604064941406
2018-11-05,25.662590466166094,B,63.07575607299805,61.37855911254883,61.7192195892334,65.2921106338501,68.97894721984864,70.21429790496826,73.91861562728882
2018-11-06,26.948153398413755,B,63.90068817138672,61.69478302001953,61.77268753051758,64.91367893218994,68.78691581726075,70.12010234832763,73.80911977767944
2018-11-07,31.233927736467418,B,66.4212646484375,63.08645248413086,62.34936790466308,64.71757717132569,68.64045921325683,70.04931735992432,73.7257765007019
2018-11-08,34.70870943173906,C,67.0093994140625,64.2352279663086,62.80765647888184,64.64081325531006,68.5177059173584,70.00461177825927,73.63012128829956
2018-11-09,39.24407251501989,C,67.81905364990234,65.64523239135742,63.418708419799806,64.5682508468628,68.42338905334472,69.98341342926025,73.54284566879272
2018-11-12,42.708547106265065,C,68.50647735595703,66.73137664794922,64.05496788024902,64.58772792816163,68.34282066345214,69.97238094329833,73.4799610710144
2018-11-13,44.71015163933827,C,67.38365173339844,67.42796936035157,64.56137619018554,64.44680347442628,68.26125816345215,69.95707752227783,73.405205783844
2018-11-14,44.59744958604599,C,67.45242309570312,67.63420104980469,65.36032676696777,64.29556903839111,68.17154838562011,69.94702503204346,73.32183523178101
2018-11-15,45.19731194396159,C,68.85018157958984,68.00235748291016,66.11879272460938,64.30473346710205,68.13171043395997,69.9440678024292,73.26448225021362
2018-11-16,45.63940074296415,C,69.91190338134766,68.42092742919922,67.03307991027832,64.4406930923462,68.10660774230956,69.95008182525635,73.20199796676636
2018-11-19,45.02562821899758,C,68.34608459472656,68.38884887695312,67.56011276245117,64.63966617584228,68.05547874450684,69.93699649810792,73.12935232162475
2018-11-20,44.855851299925064,C,67.28436279296875,68.36899108886719,67.89848022460937,64.83558387756348,67.99278846740722,69.90955379486084,73.05165719985962
2018-11-21,44.043796651704504,C,65.80257415771484,68.03902130126953,67.83661117553712,65.09298954010009,67.89955574035645,69.86729320526123,72.96203653335571
2018-11-22,41.94529341081727,C,65.80257415771484,67.42949981689453,67.71592864990234,65.2617925643921,67.75961860656739,69.818523979187,72.8656781578064
2018-11-23,38.905355269745435,C,65.4053726196289,66.52819366455078,67.474560546875,65.4466344833374,67.6215616607666,69.74752964019775,72.75363603591919
2018-11-26,37.04048745320201,B,65.87130737304688,66.03323822021484,67.21104354858399,65.6330057144165,67.49750953674317,69.68029666900635,72.64392358779907
2018-11-27,36.317503285405216,B,66.97120666503906,65.97060699462891,67.16979904174805,65.8655876159668,67.43717185974121,69.61059734344482,72.5420058631897
2018-11-28,37.409871284117436,B,67.93360900878906,66.39681396484374,67.21791763305664,66.2891222000122,67.42011405944824,69.57954761505127,72.44515928268433
2018-11-29,39.04482568270053,B,68.67450714111328,66.97120056152343,67.20035018920899,66.65957145690918,67.3927840423584,69.54373966217041,72.35331296920776
2018-11-30,42.64029828636365,C,72.0047378540039,68.29107360839843,67.40963363647461,67.22135677337647,67.43840705871582,69.53352558135987,72.27371229171753
2018-12-03,45.490660869250796,C,71.53882598876953,69.42457733154296,67.72890777587891,67.64451026916504,67.4571785736084,69.52152431488037,72.18145322799683
2018-12-04,46.439772998832346,C,69.1633529663086,69.86300659179688,67.91680679321288,67.90764350891114,67.42299980163574,69.49211627960204,72.08945962905884
2018-12-05,46.24912276035388,C,69.1633529663086,70.10895538330078,68.25288467407226,68.04474792480468,67.38277519226074,69.47034099578858,72.0064621925354
2018-12-06,46.092353724615556,C,68.99530792236328,70.17311553955078,68.57215805053711,68.14404335021973,67.33979423522949,69.4805154800415,71.92999170303345
2018-12-07,42.815477994738664,C,66.4212646484375,69.0564208984375,68.67374725341797,68.07415390014648,67.23868171691895,69.47280910491943,71.83620847702026
2018-12-10,40.08821908288652,C,66.91775512695312,68.13220672607422,68.7783920288086,67.99471778869629,67.14115104675292,69.46636432647705,71.74261232376098
2018-12-11,38.93389694272462,C,67.345458984375,67.7686279296875,68.8158172607422,67.99280815124511,67.06381217956543,69.44802410125732,71.65522703170777
2018-12-12,37.78806372944397,B,67.67391967773438,67.47074127197266,68.78984832763672,68.00388298034667,66.9661385345459,69.42102794647217,71.56889177322388
2018-12-13,36.191134857301385,B,66.9941177368164,67.07050323486328,68.62180938720704,67.91107978820801,66.88766807556152,69.38103679656983,71.47067972183227
2018-12-14,35.4946593923461,B,65.3901138305664,66.86427307128906,67.96034698486328,67.68499031066895,66.76895530700683,69.35054935455322,71.35600679397584
2018-12-17,34.50605469002018,B,64.8707275390625,66.45486755371094,67.29353713989258,67.51122245788574,66.63335578918458,69.30814228057861,71.24240198135377
2018-12-18,32.7641520403789,B,63.839576721191406,65.75369110107422,66.76115951538085,67.33898315429687,66.4807608795166,69.24952877044677,71.11827333450317
2018-12-19,31.183825250252223,B,63.793739318847656,64.97765502929687,66.22419815063476,67.23854141235351,66.3497696685791,69.17776050567628,70.99691427230835
2018-12-20,31.003861447227777,B,65.2068099975586,64.62019348144531,65.8453483581543,67.2087532043457,66.28301231384278,69.11097888946533,70.89746587753297
2018-12-21,31.905673333374295,B,64.86308288574219,64.51478729248046,65.68953018188476,67.18163871765137,66.19486793518067,69.03010417938232,70.80081556320191
2018-12-24,32.77686354124885,B,64.28258514404297,64.39715881347657,65.42601318359375,67.10220260620117,66.11818092346192,68.93941890716553,70.70748239517212
2018-12-25,33.88858702466935,B,64.28258514404297,64.48576049804687,65.11972579956054,66.96777153015137,65.99978981018066,68.87140560150146,70.61185373306274
2018-12-26,36.514337390214855,B,68.01000213623047,65.32901306152344,65.15333404541016,66.97159118652344,65.95044761657715,68.84316020965576,70.53560258865356
2018-12-27,38.786535225906,B,68.67450714111328,66.02255249023438,65.32137298583984,66.97159118652344,65.95059989929199,68.80841037750244,70.51579912185669
2018-12-28,41.209533787537886,C,69.5987319946289,66.96968231201171,65.74223480224609,66.85129089355469,65.99872032165527,68.78040882110595,70.50298608779907
2018-12-31,44.54226512666701,C,70.41600799560547,68.19636688232421,66.2967628479004,66.79514999389649,66.11970802307128,68.75317401885987,70.50232999801636
2019-01-01,48.360590561784825,C,70.41600799560547,69.42305145263671,66.9544059753418,66.85778274536133,66.2607080078125,68.73243846893311,70.51377969741822
2019-01-02,49.07946591866297,C,68.15512084960938,69.4520751953125,67.39054412841797,66.80737113952637,66.41072120666504,68.67753147125244,70.50555837631225
2019-01-03,47.84932675851485,C,65.90950012207031,68.89907379150391,67.46081314086913,66.65308074951172,66.48038093566895,68.59434886932372,70.48470209121704
2019-01-04,47.24911535720108,C,68.03292083740234,68.58591156005859,67.77779693603516,66.73366355895996,66.60686866760254,68.52794185638427,70.47446290969849
2019-01-07,46.38840813312813,C,69.02587127685547,68.3078842163086,68.2521255493164,66.83906936645508,66.74450843811036,68.48038188934326,70.48099817276001
2019-01-08,45.18658346984325,C,69.3466567993164,68.09401397705078,68.75853271484375,66.93912925720215,66.88505020141602,68.43519840240478,70.49235822677612
2019-01-09,44.45638977307731,C,67.07048797607422,67.87708740234375,68.66458129882812,66.90895767211914,67.03720161437988,68.36800914764405,70.48363756179809
2019-01-10,45.472152862835706,C,67.36839294433594,68.16886596679687,68.53396987915039,66.92767143249512,67.15925903320313,68.3075019454956,70.47910894393921
2019-01-11,45.26002283307571,A,67.45242309570312,68.05276641845703,68.31933898925782,67.03078689575196,67.29292686462402,68.24594554901122,70.48399652481079
2019-01-14,43.36593417970712,B,65.5349349975586,67.35457916259766,67.83123168945312,67.06399726867676,67.34211044311523,68.16052883148194,70.47670518875123
2019-01-15,41.5316809294386,B,66.1070785522461,66.7066635131836,67.40033874511718,67.1773723602295,67.38623825073242,68.08657703399658,70.4606499671936
2019-01-16,41.15221984630397,B,66.14574432373047,66.52171478271484,67.1994010925293,67.29497261047364,67.38072784423828,68.01059352874756,70.44471403121948
2019-01-17,41.06932705002635,B,67.4214859008789,66.53233337402344,67.35059967041016,67.40570640563965,67.3889695739746,67.9533377456665,70.43725149154663
2019-01-18,41.720604916937106,B,69.19979095458984,66.88180694580078,67.4672866821289,67.62254180908204,67.41658432006835,67.91998668670654,70.43976514816285
2019-01-21,43.738967855414835,C,69.19979095458984,67.61477813720703,67.48467864990235,67.86840209960937,67.43045059204101,67.88663562774659,70.43939874649048
2019-01-22,45.243827715847836,C,68.55033874511719,68.10343017578126,67.40504684448243,68.08178977966308,67.45378433227539,67.85752124786377,70.43208200454711
2019-01-23,46.14770724571007,C,68.3879623413086,68.55187377929687,67.53679428100585,68.10068778991699,67.4724951171875,67.82202175140381,70.42122285842896
2019-01-24,45.2320700739537,C,66.40087890625,68.34775238037109,67.44004287719727,67.98700637817383,67.4235090637207,67.77760974884033,70.40532823562621
2019-01-25,41.457971022207026,B,62.27208709716797,66.96221160888672,66.92200927734375,67.62067413330078,67.2707127380371,67.68866024017333,70.37032331466675
2019-01-28,36.551721818542894,B,59.64328002929688,65.05090942382813,66.33284378051758,67.08203773498535,67.09665664672852,67.57606769561768,70.32004228591919
2019-01-29,32.25330390396445,B,59.89842987060547,63.32052764892578,65.71197891235352,66.55615882873535,66.94893798828124,67.47086322784423,70.27780717849731
2019-01-30,28.951937054229578,B,61.12778472900391,61.868492126464844,65.21018295288086,66.20479202270508,66.85544219970703,67.37749897003174,70.23981126785279
2019-01-31,27.29190591505183,B,62.07878494262695,61.00407333374024,64.67591285705566,66.01325626373291,66.78096641540527,67.27029251098632,70.1857360458374
2019-02-01,28.19907378913471,B,62.24117660522461,60.99789123535156,63.98005142211914,65.72366905212402,66.71768249511719,67.1696220779419,70.12764757156373
2019-02-04,29.732654171240707,B,60.71800231933594,61.212835693359374,63.13187255859375,65.30827560424805,66.61461639404297,67.05606296539307,70.07009748458863
2019-02-05,31.269279161624908,B,61.614891052246094,61.5561279296875,62.43832778930664,64.92168731689453,66.50749008178711,66.97233097076416,69.99638444900512
2019-02-06,31.847129287296074,B,61.14325714111328,61.55922241210938,61.71385726928711,64.62532577514648,66.3716830444336,66.89589855194092,69.92667207717895
2019-02-07,31.92366223195306,B,61.21282958984375,61.38603134155274,61.19505233764649,64.31754760742187,66.2224494934082,66.8076167678833,69.85764417648315
2019-02-08,32.0980800495156,B,61.599422454833984,61.25768051147461,61.12778587341309,64.02489757537842,66.0143431854248,66.72637512207031,69.79096073150635
2019-02-11,33.29476295368998,B,61.676734924316406,61.4494270324707,61.33113136291504,63.83198757171631,65.81710136413574,66.63713996887208,69.72668361663818
2019-02-12,34.19505946684553,B,61.80044937133789,61.48653869628906,61.52133331298828,63.616656112670896,65.66984329223632,66.54642154693603,69.6638853263855
2019-02-13,35.41267293767663,B,62.46538925170898,61.7509651184082,61.65509376525879,63.43263835906983,65.53588401794434,66.45932960510254,69.59775379180908
2019-02-14,36.303787246517764,C,62.25662612915039,61.95972442626953,61.672877883911134,63.174395370483396,65.40111038208008,66.37045230865479,69.52433195114136
2019-02-15,36.78595618499267,C,62.51177597045898,62.14219512939453,61.69993782043457,62.83999462127686,65.3229206085205,66.28080116271973,69.4472110748291
2019-02-18,36.655744522782896,C,62.51177597045898,62.30920333862305,61.87931518554687,62.505593872070314,65.23480102539061,66.18797603607177,69.36369401931762
2019-02-19,36.41754749752643,C,62.25662612915039,62.400438690185545,61.943488693237306,62.19090824127197,65.13302436828613,66.09841827392579,69.28529739379883
2019-02-20,35.686966865242105,C,61.84683227539063,62.276727294921876,62.013846206665036,61.86385173797608,65.01648262023926,65.99131057739258,69.20163501739502
2019-02-21,35.1342302179172,C,60.88808822631836,62.00301971435547,61.9813720703125,61.588212203979495,64.8943620300293,65.89101505279541,69.11213151931763
2019-02-22,35.32841324141954,B,61.87002182006836,61.87466888427734,62.00843200683594,61.56810894012451,64.82396018981933,65.79645774841309,69.02506896972656
2019-02-25,35.76609661593215,B,62.07878494262695,61.78807067871094,62.048637008666994,61.689884185791016,64.76812133789062,65.7007385635376,68.93811521530151
2019-02-26,36.470349675822455,B,62.24889755249024,61.78652496337891,62.093481826782224,61.80740756988526,64.73630775451662,65.6085343170166,68.85201202392578
2019-02-27,37.069252158747815,B,61.39839172363281,61.69683685302734,61.98678207397461,61.820937919616696,64.6884008026123,65.5190852355957,68.7640128326416
2019-02-28,37.921744251361936,B,61.26694869995117,61.77260894775391,61.887814331054685,61.78034610748291,64.60960357666016,65.44630794525146,68.68455785751343
2019-03-01,38.20766988230979,B,61.93190383911133,61.7849853515625,61.82982711791992,61.764882469177245,64.55097999572754,65.3729239654541,68.61613296508789
2019-03-04,38.14109626581268,B,61.43706893920898,61.65664215087891,61.72235641479492,61.8008358001709,64.49406967163085,65.30612529754639,68.54523389816285
2019-03-05,37.62811153289837,B,61.01180648803711,61.40922393798828,61.59787445068359,61.77068157196045,64.42865409851075,65.2142219543457,68.47823062896728
2019-03-06,37.12968474693083,B,60.37778091430664,61.205101776123044,61.4509693145752,61.73240776062012,64.27600967407227,65.11322864532471,68.39481607437133
2019-03-07,36.861698447835536,B,60.4937629699707,61.05046463012695,61.41153678894043,61.69645442962646,64.11239479064942,65.0314973449707,68.32720500946044
2019-03-08,36.003587483319585,B,59.98345947265625,60.66077575683594,61.22288055419922,61.61565628051758,63.92008934020996,64.95940483093261,68.26037147521973
2019-03-11,35.46313372269574,B,60.370059967041016,60.447373962402345,61.052008056640624,61.55032253265381,63.71917037963867,64.91943920135498,68.19154344558716
2019-03-12,35.52763910082687,B,60.8803596496582,60.421084594726565,60.91515426635742,61.50431804656982,63.528457412719725,64.8945827102661,68.12474327087402
2019-03-13,36.40793181648853,B,61.02726364135742,60.55098114013672,60.878041458129886,61.43241176605225,63.385900268554686,64.89831073760986,68.05590970993042
2019-03-14,37.40192839068463,B,61.81591796875,60.81541213989258,60.93293838500976,61.410376358032224,63.30402862548828,64.89220478057861,67.99348810195923
2019-03-15,39.16558045603424,B,62.890625,61.39684524536133,61.02881050109863,61.429318809509276,63.201182708740234,64.90402568817139,67.93228815078736
2019-03-18,40.36769437940844,C,62.35713958740234,61.7942611694336,61.12081756591797,61.421586990356445,63.06780807495116,64.90615825653076,67.87088941574096
2019-03-19,41.31947779395219,C,62.488582611083984,62.11590576171875,61.26849517822266,61.43318481445313,62.93064659118652,64.90784839630128,67.8133646774292
2019-03-20,42.08789365779494,C,62.187049865722656,62.347863006591794,61.44942207336426,61.450195693969725,62.832977828979494,64.93508972167969,67.7593070602417
2019-03-21,42.52944730376124,C,62.81332778930664,62.54734497070312,61.681378555297854,61.54645767211914,62.74187652587891,64.95056777954102,67.70400453567505
2019-03-22,41.916446161175585,C,61.66901397705078,62.30302276611328,61.8499340057373,61.53640727996826,62.62620834350586,64.95956760406494,67.63991323471069
2019-03-25,41.57000749648895,C,61.4757080078125,62.12673645019531,61.96049880981445,61.50625343322754,62.54502380371094,64.94356712341309,67.57893251419067
2019-03-26,41.474278791157374,C,62.44220352172852,62.11746063232422,62.11668319702149,61.51591873168945,62.47172630310059,64.9289822769165,67.52454231262207
2019-03-27,40.8254230965745,C,61.76950454711914,62.03395156860351,62.19090728759765,61.53447437286377,62.384201507568356,64.88246467590332,67.46589101791382
2019-03-28,39.91829868138942,C,61.82363128662109,61.836012268066405,62.19167861938477,61.56230850219727,62.272244415283204,64.83060699462891,67.4176093864441
2019-03-29,39.85916394377946,C,62.31075668334961,61.96436080932617,62.13369178771973,61.58125114440918,62.134463729858396,64.77552402496337,67.37946872711181
2019-04-01,40.00189473561185,C,62.4576530456543,62.16074981689453,62.14374313354492,61.632280349731445,61.99962097167969,64.71503578186035,67.34370836257935
2019-04-02,40.64171948528526,C,64.22824096679688,62.517957305908205,62.31770896911621,61.79310207366943,61.91317901611328,64.68348167419434,67.32027959823608
2019-04-03,41.811538539171934,C,64.23599243164062,63.0112548828125,62.52260322570801,61.986012649536136,61.83013961791992,64.65131736755372,67.29917119979858
2019-04-04,42.975555068862406,C,64.0272216796875,63.45197296142578,62.6439926147461,62.162685585021975,61.78266647338867,64.60308776855469,67.27357778549194
2019-04-05,44.47728623100368,C,64.52204895019531,63.89423141479492,62.92929611206055,62.389615058898926,61.82766571044922,64.54918922424316,67.24963552474975
2019-04-08,46.16096728056311,C,64.93183135986328,64.38906707763672,63.274908447265624,62.61770362854004,61.933436737060546,64.51504669189453,67.22602159500121
2019-04-09,46.224939209735346,C,63.93443298339844,64.33030548095704,63.42413139343262,62.77040729522705,62.0141567993164,64.48154739379883,67.19555059432983
2019-04-10,46.23259787384202,C,64.13545989990234,64.31019897460938,63.660726928710936,62.9258171081543,62.074310302734375,64.4648762512207,67.16608472824096
2019-04-11,45.86517705227046,C,63.22312545776367,64.14937973022461,63.800676345825195,62.99617748260498,62.09719711303711,64.43908176422119,67.1288028717041
2019-04-12,44.776046927248274,C,63.2857780456543,63.90212554931641,63.89817848205566,63.0159351348877,62.1180891418457,64.41788581848145,67.0827077293396
2019-04-15,43.45296621423544,C,63.48163604736328,63.61208648681641,64.00057678222656,63.072159957885745,62.17336181640625,64.3939891052246,67.03714288711548
2019-04-16,42.45732761510988,C,62.8392333984375,63.39304656982422,63.86167602539062,63.08969249725342,62.19784866333008,64.3526693725586,66.98163335800172
2019-04-17,40.616469196443084,B,61.092166900634766,62.7843879699707,63.547293472290036,63.03494834899902,62.19682685852051,64.28425495147705,66.93190128326415
2019-04-18,39.1751489601805,B,60.77095031738281,62.29395294189453,63.22166633605957,62.93282947540283,62.18798927307129,64.20521938323975,66.87447952270507
2019-04-19,37.80608515225752,B,60.77095031738281,61.79098739624023,62.84655647277832,62.887926292419436,62.171419830322264,64.09288150787353,66.8132035446167
2019-04-22,36.49865730454899,B,61.22536087036133,61.33973236083985,62.47590942382813,62.87540893554687,62.16239234924316,63.98974685668945,66.75563558578492
2019-04-23,36.10045543729578,B,61.62491989135742,61.09686965942383,62.244958114624026,62.83454475402832,62.158881759643556,63.91436252593994,66.70323940277099
2019-04-24,36.67464471027947,B,61.63274765014648,61.204985809326175,61.994686889648435,62.82770690917969,62.142228927612294,63.83905647277832,66.65469873428344
2019-04-25,37.899690840958066,B,62.15763473510742,61.482322692871094,61.88813781738281,62.844407081604004,62.140249099731435,63.77067974090576,66.62559761047363
2019-04-26,39.49942955713096,B,62.43969345092773,61.816071319580075,61.80352935791016,62.85085391998291,62.13880744934082,63.73086402893066,66.60183656692504
2019-04-29,41.00324938752906,B,62.90972900390625,62.15294494628906,61.74633865356445,62.873457717895505,62.14676651000977,63.6907837677002,66.57857404708862
2019-04-30,41.57166888401944,B,62.196807861328125,62.2673225402832,61.68209609985352,62.77188606262207,62.14557014465332,63.639297256469725,66.54366067886353
2019-05-01,41.828988959584485,B,61.80508041381836,62.301789093017575,61.753387451171875,62.650340461730956,62.14473510742187,63.58060886383057,66.50081840515136
2019-05-02,41.4485229265891,B,61.47604751586914,62.16547164916992,61.823897171020505,62.52278175354004,62.15649429321289,63.52542816162109,66.45323247909546
2019-05-03,40.980043258002254,C,61.6640625,62.010345458984375,61.913208389282225,62.379882431030275,62.152375106811526,63.48816764831543,66.41935850143433
2019-05-06,40.465214226885784,B,62.0949592590332,61.847391510009764,62.00016822814941,62.23803882598877,62.15269859313965,63.46040996551514,66.38427612304687
2019-05-07,40.15005614361339,B,61.06866455078125,61.62176284790039,61.944542694091794,62.09475040435791,62.12909393310546,63.432700843811034,66.3411148071289
2019-05-08,39.925570456100196,B,61.10000228881836,61.48074722290039,61.89126815795898,61.94297752380371,62.12312614440917,63.405763473510746,66.29176198959351
2019-05-09,39.762929994705836,B,61.0373420715332,61.3930061340332,61.779238891601565,61.83368835449219,62.11853401184081,63.364068794250485,66.23752384185791
2019-05-10,39.19117924378263,B,60.67694091796875,61.19558181762695,61.60296363830567,61.70324649810791,62.09343475341796,63.322207374572756,66.17615577697754
2019-05-13,38.28917960754081,B,60.222564697265625,60.821102905273435,61.3342472076416,61.54029293060303,62.0691446685791,63.281607170104984,66.11051303863525
2019-05-14,38.64086515222825,B,61.45253753662109,60.8978775024414,61.2598201751709,61.470958137512206,62.07795928955078,63.25330669403076,66.06235614776611
2019-05-15,39.11845572736068,B,61.71891021728516,61.02165908813477,61.25120315551758,61.502295303344724,62.10478187561035,63.190395774841306,66.01677799224854
2019-05-16,39.887933331980214,B,62.28297805786133,61.27078628540039,61.331896209716795,61.577896690368654,62.140566177368164,63.12648048400879,65.96744543075562
2019-05-17,40.93877128089027,B,62.25165939331055,61.58572998046875,61.39065589904785,61.65193214416504,62.18593017578125,63.0530097579956,65.91670928955078
2019-05-20,42.30997168041305,C,62.53369140625,62.04795532226562,61.43452911376953,61.717348670959474,62.22920280456543,62.97418659210205,65.86368030548095
2019-05-21,43.02408987125984,C,63.3641242980957,62.43027267456055,61.66407508850098,61.80430889129639,62.27887809753418,62.90366775512695,65.81805311203003
2019-05-22,43.816977755034664,C,63.92034912109375,62.87056045532226,61.946109771728516,61.91868896484375,62.33673980712891,62.8613200378418,65.76942575454711
2019-05-23,44.13397395306365,C,63.57565307617188,63.129095458984374,62.199940872192386,61.989589881896975,62.371934509277345,62.83798156738281,65.71616521835327
2019-05-24,43.92081349931268,C,62.72170639038086,63.223104858398436,62.40441741943359,62.003690528869626,62.36855613708496,62.7848694229126,65.65640563964844
2019-05-27,43.67249705140237,C,62.72170639038086,63.26070785522461,62.654331588745116,61.99428939819336,62.37584747314453,62.72182777404785,65.60110483169555
2019-05-28,42.21463657820787,C,61.131343841552734,62.814151763916016,62.62221221923828,61.94101619720459,62.34870269775391,62.63967464447021,65.5374365234375
2019-05-29,40.55464096965611,B,61.15484237670898,62.261050415039065,62.565805435180664,61.90850429534912,62.32805854797363,62.58051818847656,65.4742636680603
2019-05-30,38.95663050420123,B,60.80231475830078,61.706382751464844,62.41773910522461,61.8748176574707,62.287838287353516,62.51485740661621,65.41117967605591
2019-05-31,37.731702937251484,B,60.09720993041992,61.18148345947266,62.202294158935544,61.7964750289917,62.2564022064209,62.441305274963376,65.3436254119873
2019-06-03,36.16744026954664,B,59.305938720703125,60.49832992553711,61.87951889038086,61.6570240020752,62.213006820678714,62.379015312194824,65.26977207183837
2019-06-04,36.06947562450113,B,60.128536224365234,60.29776840209961,61.55596008300781,61.61001758575439,62.166733474731444,62.31922988891601,65.2029034614563
2019-06-05,35.99149374098511,B,60.37139129638672,60.14107818603516,61.20106430053711,61.573587036132814,62.13877120971679,62.26148635864258,65.13603994369507
2019-06-06,36.14833847274144,B,60.37923431396485,60.056462097167966,60.881422424316405,61.54068164825439,62.10988327026367,62.19106384277344,65.07220079421997
2019-06-07,36.72949435444611,B,60.66128540039063,60.16927719116211,60.675380325317384,61.53989887237549,62.07689384460449,62.10567878723145,65.01283273696899
2019-06-10,37.624172211094525,B,60.28522491455078,60.36513442993164,60.431732177734375,61.54303188323975,62.033445281982424,62.01653312683106,64.95158437728882
2019-06-11,38.344574364394425,B,61.24102783203125,60.587632751464845,60.44270057678223,61.532456398010254,61.97370101928711,61.9434400177002,64.90048063278198
2019-06-12,39.06520366139869,B,61.55440521240234,60.82423553466797,60.48265686035156,61.524231147766116,61.920069274902346,61.875104446411136,64.84856309890748
2019-06-13,39.99292252230203,B,61.852081298828125,61.118804931640625,60.587633514404295,61.50268630981445,61.87656646728516,61.829616470336916,64.80361310958862
2019-06-14,40.738032895641595,C,61.64840316772461,61.31622848510742,60.74275283813476,61.47252349853515,61.819093551635746,61.82337963104248,64.75601993560791
2019-06-17,41.71414614618316,C,61.61707305908203,61.58259811401367,60.97386627197265,61.42669258117676,61.75279838562012,61.843117561340335,64.709592628479
2019-06-18,41.968888082569954,C,61.30369186401367,61.595130920410156,61.0913818359375,61.32367095947266,61.70018356323242,61.85717018127441,64.66401670455933
2019-06-19,41.74579205085285,C,60.80231475830078,61.44471282958985,61.134474182128905,61.167769241333005,61.63352066040039,61.853915481567384,64.61570722579955
2019-06-20,41.41951224989325,C,61.37422943115234,61.349142456054686,61.23397369384766,61.05769805908203,61.59654273986816,61.846869926452634,64.55858121871948
2019-06-21,41.24458072929496,C,61.71891021728516,61.363243865966794,61.33973617553711,61.007558250427245,61.56520538330078,61.84164726257324,64.50563467025756
2019-06-24,40.861327456498934,B,61.46037673950195,61.331904602050784,61.457251358032224,60.9444917678833,61.524780197143556,61.8490710067749,64.45256698608398
2019-06-25,36.44968596360396,B,51.47159957885742,59.36548614501953,60.480308532714844,60.46150455474854,61.29742752075195,61.747638092041015,64.35998453140259
2019-06-26,33.45828997197265,B,53.27349472045898,57.85972213745117,59.65221748352051,60.067437171936035,61.14105407714844,61.668940467834474,64.28241950988769
2019-06-27,30.899534732879463,B,54.840362548828125,56.552948760986325,58.95104560852051,59.7693395614624,61.02244232177734,61.605215797424314,64.2064162826538
2019-06-28,29.10099302048326,B,56.971317291259766,55.60343017578125,58.483337020874025,59.6130449295044,60.94644966125488,61.55893474578858,64.14265493392945
2019-07-01,27.593730806713097,B,57.5040283203125,54.81216049194336,58.07203254699707,59.522949409484866,60.872023010253905,61.51720767974854,64.07717382431031
2019-07-02,32.08754478946786,B,58.154293060302734,56.14869918823242,57.75709266662598,59.42423725128174,60.80261047363281,61.48074611663819,64.01358383178712
2019-07-03,35.566820858941675,B,58.72620391845703,57.23924102783203,57.549481582641604,59.34197788238525,60.74447959899902,61.443354263305665,63.9513419342041
2019-07-04,38.15665015021482,B,58.72620391845703,58.01640930175781,57.28467903137207,59.25932636260986,60.67585098266601,61.40805004119873,63.889251174926756
2019-07-05,38.66249007542961,B,57.18281936645508,58.058709716796876,56.83106994628906,59.08540306091309,60.57071350097656,61.35476047515869,63.81778081893921
2019-07-08,38.20209394275461,B,55.7961540222168,57.71713485717773,56.26464767456055,58.86094951629639,60.42844200134277,61.28760425567627,63.73779014587402
2019-07-09,37.06342418168486,B,55.811824798583984,57.24864120483399,56.6986701965332,58.58948936462402,60.30074234008789,61.22315624237061,63.66078725814819
2019-07-10,35.7682365813444,B,56.133033752441406,56.73000717163086,56.98462409973145,58.318420791625975,60.18730140686035,61.16601825714111,63.57866441726684
2019-07-11,34.561807808896894,B,55.811824798583984,56.14713134765625,57.08177032470703,58.01640796661377,60.07401695251465,61.11525562286377,63.50313533782959
2019-07-12,34.43242184822887,B,55.89931488037109,55.89043045043945,56.97457008361816,57.7289535522461,59.95872200012207,61.0555485534668,63.42600315093994
2019-07-15,35.080994044968385,B,55.891361236572266,55.909471893310545,56.81330337524414,57.442667961120605,59.83465003967285,60.99367431640625,63.34720643997193
2019-07-16,34.40655063429099,B,55.00848007202149,55.748802947998044,56.498722076416016,57.127907371521,59.713446350097655,60.92127014160156,63.26490222930908
2019-07-17,33.59832675177607,B,54.340362548828125,55.39026870727539,56.06013793945313,56.804809761047366,59.57825355529785,60.85068984985352,63.18488754272461
2019-07-18,33.05009370568995,B,54.284698486328125,55.084843444824216,55.615987396240236,56.450333213806154,59.44320068359375,60.78086734771728,63.113587646484376
2019-07-19,32.70363397183366,B,54.51536178588867,54.80805282592773,55.34924163818359,56.09015579223633,59.31996910095215,60.70670192718506,63.03981294631958
2019-07-22,32.32347995346576,B,54.08584976196289,54.44695053100586,55.1782112121582,55.721429443359376,59.19723480224609,60.6331897354126,62.969657516479494
2019-07-23,33.00058314625754,B,53.8711051940918,54.21947555541992,54.98413925170898,55.84140472412109,59.04560615539551,60.56178272247315,62.88800233840942
2019-07-24,33.791256436921564,B,53.656349182128906,54.082672882080075,54.736470794677736,55.86054744720459,58.88435493469238,60.49456840515137,62.80389852523804
2019-07-25,34.19288582626146,B,53.0200424194336,53.829741668701175,54.457292556762695,55.769531440734866,58.69909622192383,60.419831199646,62.72566427230835
2019-07-26,34.68073409821371,B,53.89495849609375,53.70566101074219,54.25685691833496,55.61571350097656,58.53196220397949,60.35894618988037,62.65917551040649
2019-07-29,34.998324150532724,B,53.43363571166992,53.575218200683594,54.011084365844724,55.412193870544435,58.34996109008789,60.28958194732666,62.60451057434082
2019-07-30,34.68984728337613,B,53.43363571166992,53.48772430419922,53.85359992980957,55.176161003112796,58.151351318359374,60.215114707946775,62.554848709106444
2019-07-31,34.47721642927214,B,52.988224029541016,53.35409927368164,53.71838607788086,54.88926200866699,57.93270881652832,60.13472431182861,62.51651752471924
2019-08-01,34.313153773126444,B,52.33601760864258,53.21729431152344,53.5235179901123,54.56975269317627,57.70791610717774,60.03992530822754,62.466065044403074
2019-08-02,33.717340467652924,B,51.97808456420898,52.833919525146484,53.26979026794434,54.309515953063965,57.493043670654295,59.93079990386963,62.41741279602051
2019-08-05,33.41131288110416,B,51.88264083862305,52.52372055053711,53.04946937561035,54.11384029388428,57.27626235961914,59.826054916381835,62.3661065864563
2019-08-06,32.99209187163056,B,51.51676559448242,52.14034652709961,52.814035415649414,53.8990873336792,57.08397079467773,59.71633674621582,62.312092571258546
2019-08-07,32.72212925469724,B,51.27019882202149,51.7967414855957,52.57542037963867,53.6559455871582,56.88627792358398,59.60716823577881,62.27112897872925
2019-08-08,33.19846645633997,B,52.0576286315918,51.74106369018555,52.479179000854494,53.46823577880859,56.7113842010498,59.49961124420166,62.22508951187134
2019-08-09,33.94145481209614,B,52.16102981567383,51.777652740478516,52.3057861328125,53.28132152557373,56.55266059875488,59.40453140258789,62.18204950332642
2019-08-12,34.149565576356174,B,51.32588958740234,51.66630249023437,52.09501152038574,53.05304794311523,56.39305961608887,59.30303321838379,62.12330017089844
2019-08-13,34.6037823991115,B,51.70766067504883,51.704481506347655,51.922414016723636,52.8880069732666,56.22464210510254,59.195687789916995,62.06233503341675
2019-08-14,34.49142867206844,B,50.50663757324219,51.5517692565918,51.67425537109375,52.69632072448731,56.027347030639646,59.08305912017822,61.98276189804077
2019-08-15,33.667197832521055,B,50.093040466308594,51.158851623535156,51.44995765686035,52.48673782348633,55.821623153686524,58.9657532119751,61.898180103302
2019-08-16,33.19613188152473,B,51.246341705322266,50.975914001464844,51.37678337097168,52.323286819458005,55.63332427978516,58.85510906219483,61.8153165435791
2019-08-19,33.997832578851956,B,52.94049453735352,51.29883499145508,51.48256874084473,52.26601905822754,55.48642967224121,58.75993747711182,61.737486629486085
2019-08-20,34.48809561791671,B,52.82118988037109,51.521540832519534,51.61301116943359,52.2135232925415,55.31803291320801,58.64586696624756,61.664674320220946
2019-08-21,36.071696911398,C,53.719974517822266,52.164208221435544,51.85798873901367,52.216704559326175,55.161344299316404,58.54070678710937,61.596012077331544
2019-08-22,37.864718604841656,C,53.70406723022461,52.88641357421875,52.02263259887695,52.25090579986572,54.99838401794434,58.437475242614745,61.52028150558472
2019-08-23,38.34763290418533,C,52.471229553222656,53.13139114379883,52.05365257263183,52.17971935272217,54.8148405456543,58.31696704864502,61.433078136444095
2019-08-26,38.02302377003485,C,52.8609619140625,53.115484619140624,52.20715980529785,52.151085662841794,54.63971832275391,58.19625835418701,61.355652523040774
2019-08-27,37.6287132175947,C,52.232608795166016,52.99776840209961,52.25965461730957,52.0910343170166,54.458296661376956,58.07924011230469,61.280393753051754
2019-08-28,36.8909783022953,C,52.55076217651367,52.76392593383789,52.46406707763672,52.06916122436523,54.29326560974121,57.9633931350708,61.21413469314575
2019-08-29,36.35284561532098,B,52.67007064819336,52.55712661743164,52.72177009582519,52.08586387634277,54.119182434082035,57.857862586975095,61.148472175598144
2019-08-30,36.5663729510163,B,52.28829193115234,52.520539093017575,52.825965118408206,52.10137424468994,53.93057006835937,57.747887725830076,61.08288677215576
2019-09-02,36.439924323217404,B,52.28829193115234,52.40600509643555,52.76074485778808,52.121656799316405,53.747128372192385,57.63595428466797,61.01497169494629
2019-09-03,37.051635327900875,C,52.017860412597656,52.36305541992188,52.680411911010744,52.14671154022217,53.758053588867185,57.52774055480957,60.94020496368408
2019-09-04,37.586966943415085,C,52.79733657836914,52.41237030029297,52.58814811706543,52.223068428039554,53.74853042602539,57.44479225158691,60.864523601531985
2019-09-05,38.02389580078221,B,53.31432342529297,52.54122085571289,52.549173736572264,52.28590316772461,53.71800964355469,57.370225982666014,60.78772268295288
2019-09-06,38.69719661965366,C,53.78361129760742,52.840284729003905,52.680411911010744,52.36703224182129,53.65425552368164,57.300352592468265,60.6966170501709
2019-09-09,39.26485688731489,C,53.051849365234375,52.99299621582031,52.69950065612793,52.45333023071289,53.56521194458008,57.21861747741699,60.604182167053224
2019-09-10,39.94791812969958,C,54.22901916503906,53.435227966308595,52.89914169311523,52.5793981552124,53.4867064666748,57.14465847015381,60.529510498046875
2019-09-11,40.84857320005684,C,55.270957946777344,53.929952239990236,53.1711612701416,52.81761417388916,53.41760154724121,57.08104057312012,60.46004852294922
2019-09-12,42.106898114452434,C,56.33677291870117,54.53444213867188,53.537831497192386,53.12980079650879,53.369812927246095,57.022831954956054,60.396755847930905
2019-09-13,43.167836859371384,C,56.0822639465332,54.99417266845703,53.91722869873047,53.37159690856934,53.34780181884766,56.95925765991211,60.34506084442139
2019-09-16,44.59758485181379,C,56.1379280090332,55.6113883972168,54.302192306518556,53.53146858215332,53.35463729858398,56.89153964996338,60.29116170883179
2019-09-17,45.635397853025665,C,56.949214935302734,56.15542755126953,54.795327758789064,53.737869834899904,53.37738510131836,56.83906372070312,60.23918048858643
2019-09-18,45.852506315254544,C,56.686744689941406,56.438584899902345,55.18426856994629,53.88620834350586,53.38845932006836,56.78788036346435,60.18424461364746
2019-09-19,45.65644907607523,C,57.0048942565918,56.572209167480466,55.55332565307617,54.05124969482422,53.41232070922852,56.74316883087158,60.13429849624634
2019-09-20,45.9123507328319,C,57.57757568359375,56.87127151489258,55.932722091674805,54.30656700134277,53.44588592529297,56.70230396270752,60.09523580551147
2019-09-23,46.37095472781626,C,58.00707626342773,57.24510116577149,56.42824478149414,54.563872718811034,53.48820022583008,56.66142513275147,60.0609175491333
2019-09-24,46.529995353304436,C,58.0229721069336,57.459852600097655,56.807640075683594,54.85339088439942,53.54849006652832,56.630968208312986,60.03183452606201
2019-09-25,46.74696628279498,C,57.33895492553711,57.590294647216794,57.01443977355957,55.092800521850585,53.6084619140625,56.593357734680175,59.99956060409546
2019-09-26,47.45013709504587,C,58.88199234008789,57.96571426391601,57.26896171569824,55.40339660644531,53.70040779113769,56.571804237365725,59.967936515808105
2019-09-27,48.04903923698705,C,59.53418731689453,58.35703659057617,57.61415405273438,55.76569137573242,53.800784301757815,56.56037670135498,59.94129203796387
2019-09-30,48.72833887987135,C,60.22617721557617,58.80085678100586,58.022978973388675,56.16258563995361,53.92359085083008,56.560412826538084,59.92100999832153
2019-10-01,48.44791013070491,C,58.24567413330078,58.8453971862793,58.152624893188474,56.47397632598877,54.01108222961426,56.52834419250488,59.89082544326782
2019-10-02,48.054720318535004,C,57.37077713012695,58.85176162719726,58.22102813720703,56.70264835357666,54.08537078857422,56.4848628616333,59.837629318237305
2019-10-03,47.49143202303447,C,58.73883438110352,58.82313003540039,58.394422149658205,56.973873901367185,54.19974662780762,56.449421424865726,59.78795095443726
2019-10-04,46.664758027652844,C,59.38307571411133,58.79290771484375,58.57497215270996,57.25384712219238,54.30950897216797,56.42073558807373,59.73687267303467
2019-10-07,45.30252801637139,C,59.120601654052734,58.57179260253906,58.68632469177246,57.5572847366333,54.423248291015625,56.386604690551756,59.6803956413269
2019-10-08,44.80206255341892,C,58.48429870605469,58.61951751708985,58.73245735168457,57.77004871368408,54.52426155090332,56.33780643463135,59.62073709487915
2019-10-09,44.89857459697547,C,58.301361083984375,58.805634307861325,58.828697967529294,57.921568870544434,54.63052429199219,56.28161655426025,59.57146829605102
2019-10-10,44.79924143740903,C,59.21604919433594,58.90107727050781,58.862103652954104,58.06553268432617,54.768124923706054,56.238020515441896,59.53800104141235
2019-10-11,44.60334040078444,C,59.417781829833984,58.90801849365234,58.85046310424805,58.232308578491214,54.91691886901855,56.20498126983642,59.494925346374515
2019-10-14,44.604283988785966,C,59.52271270751953,58.988440704345706,58.780116653442384,58.401547813415526,55.06972030639648,56.172991333007815,59.447409553527834
2019-10-15,45.32166303710377,C,60.1198616027832,59.31555328369141,58.967535400390624,58.56008014678955,55.2417822265625,56.162876510620116,59.401275577545164
2019-10-16,46.25089398970376,C,60.32161331176758,59.71960372924805,59.26261901855469,58.74182357788086,55.42281051635742,56.1545442199707,59.36753120422363
2019-10-17,46.869354896134446,C,60.63632583618164,60.003659057617185,59.4523681640625,58.92339515686035,55.59438446044922,56.152884330749515,59.33387086868286
2019-10-18,47.926190437713764,C,61.701541900634766,60.460411071777344,59.68421478271485,59.129593467712404,55.78519470214844,56.16892765045166,59.30511646270752
2019-10-21,49.448035378636924,A,62.3794059753418,61.0317497253418,60.01009521484375,59.34820995330811,56.006265029907226,56.199662322998044,59.28933881759644
2019-10-22,50.507548833051196,A,62.83938217163086,61.575653839111325,60.44560356140137,59.58903045654297,56.228899459838864,56.2267707824707,59.27300033569336
2019-10-23,51.29237900919253,A,62.74254608154297,62.05984039306641,60.88972206115723,59.85921001434326,56.47361763000488,56.250482330322264,59.25598434448242
2019-10-24,51.63225448238061,A,61.97591018676758,62.32775726318359,61.16570816040039,60.013905906677245,56.711275024414064,56.26644908905029,59.228756465911864
2019-10-25,51.143313025014606,A,61.75802612304688,62.339054107666016,61.39973258972168,60.125097846984865,56.921508712768556,56.27741649627686,59.19154764175415
2019-10-28,50.639187815964426,A,63.21060562133789,62.50529403686524,61.76852188110352,60.27431926727295,57.12691093444824,56.306670303344724,59.16160171508789
2019-10-29,50.09459059252524,A,63.32356262207031,62.60213012695313,62.08889198303223,60.52821369171143,57.33695838928222,56.327495651245115,59.13546783447266
2019-10-30,49.93799004409822,A,64.28385925292969,62.91039276123047,62.48511657714844,60.87386779785156,57.54823608398438,56.35479019165039,59.11494731903076
2019-10-31,50.40723369596514,A,64.19510650634766,63.35423202514649,62.840994644165036,61.14668140411377,57.75805686950684,56.37822044372559,59.10391845703125
2019-11-01,52.25288569155325,A,65.97045135498047,64.1967170715332,63.26788558959961,61.476050186157224,58.02804130554199,56.42144092559815,59.12241027832031
2019-11-04,53.95992251473214,A,66.97111511230469,64.94881896972656,63.7270565032959,61.86857585906982,58.31024436950683,56.47498134613037,59.15904945373535
2019-11-05,55.1987422479152,A,66.04307556152344,65.49272155761719,64.04742584228515,62.24651470184326,58.586453704833986,56.52237518310547,59.18977268218994
2019-11-06,55.93163656323596,A,66.23676300048828,65.8833023071289,64.39684753417968,62.64328479766846,58.86017372131348,56.57671966552734,59.21531757354737
2019-11-07,56.59689202703208,A,66.18026733398438,66.28033447265625,64.81728324890136,62.99149570465088,59.1303776550293,56.62478004455566,59.23582498550415
2019-11-08,57.28029206498221,A,68.76258087158203,66.83876037597656,65.51773872375489,63.458735656738284,59.45986343383789,56.695216751098634,59.26843200683594
2019-11-11,57.617169197531034,A,69.12576293945312,67.26968994140626,66.1092544555664,63.93888816833496,59.796612854003904,56.771870613098145,59.310470809936525
2019-11-12,59.11483500804153,A,69.75518798828125,68.01211242675781,66.7524169921875,64.42065448760987,60.15135940551758,56.95470649719238,59.3511722946167
2019-11-13,60.51674546294902,A,69.93272399902344,68.75130462646484,67.31730346679687,64.90121002197266,60.494067153930665,57.12129878997803,59.39511962890625
2019-11-14,62.242981158464254,A,70.7154769897461,69.6583465576172,67.96934051513672,65.40516757965088,60.84209022521973,57.28004993438721,59.442632865905765
2019-11-15,62.649570967455624,A,71.52245330810547,70.21032104492187,68.52454071044922,65.89621315002441,61.196867065429686,57.42556129455566,59.49224802017212
2019-11-18,62.961446976120634,A,71.60316467285156,70.70580139160157,68.98774566650391,66.3574010848999,61.56789337158203,57.56655265808106,59.541880168914794
2019-11-19,62.491131266180936,A,71.83716583251953,71.12219696044922,69.56715469360351,66.80729026794434,61.92005630493164,57.703381385803226,59.59206375122071
2019-11-20,61.370715219905435,A,70.36847686767578,71.20934753417968,69.98032608032227,67.18858680725097,62.22200668334961,57.81980411529541,59.63157918930054
2019-11-21,59.657728496863086,A,69.8197250366211,71.03019714355469,70.34427185058594,67.58077754974366,62.49166572570801,57.93073932647705,59.66939468383789
2019-11-22,57.870956469456985,A,69.44047546386719,70.61380157470703,70.41206130981445,67.96490001678467,62.75882995605469,58.05331588745117,59.70403818130493
2019-11-25,56.76073246628257,A,70.8204116821289,70.4572509765625,70.58152618408204,68.34539031982422,63.052479629516604,58.203558464050296,59.74558135986328
2019-11-26,55.51430343863941,A,70.7881088256836,70.24743957519532,70.68481826782227,68.71861763000489,63.32925750732422,58.35332130432129,59.788238773345945
2019-11-27,55.42996880894682,A,71.2803726196289,70.42981872558593,70.81958312988282,69.06844329833984,63.62113006591797,58.504794692993165,59.83540647506714
2019-11-28,55.72503002131896,A,71.2803726196289,70.7219482421875,70.87607269287109,69.4227066040039,63.90663963317871,58.65948017120361,59.88736789703369
2019-11-29,56.02054564311542,A,70.79619598388672,70.9930923461914,70.80344696044922,69.66399383544922,64.17101203918457,58.80844898223877,59.93199876785278
2019-12-02,55.22899599078338,A,70.23130798339844,70.87527160644531,70.6662612915039,69.8270034790039,64.41549667358399,58.95184844970703,59.97276138305664
2019-12-03,54.27921143137018,A,69.35975646972656,70.5896011352539,70.41852035522462,69.99283752441406,64.64223236083984,59.09536121368408,60.00831567764282
2019-12-04,53.60153417226926,P,70.36847686767578,70.40722198486328,70.41852035522462,70.19942321777344,64.90282279968261,59.255642356872556,60.05316610336304
2019-12-05,52.69496890357886,P,69.98113250732422,70.14737396240234,70.43466110229492,70.38946647644043,65.12480560302734,59.412606697082516,60.0967370223999
2019-12-06,52.1784608152551,P,70.19096374511719,70.02632751464844,70.50970993041992,70.46088562011718,65.33794113159179,59.5693627166748,60.138032321929934
2019-12-09,51.9385610724942,P,69.75518798828125,69.931103515625,70.40318756103515,70.49235687255859,65.5285213470459,59.72605609893799,60.179622917175294
2019-12-10,52.26431199790858,P,69.85201263427734,70.02955474853516,70.30957794189453,70.4971981048584,65.76064811706543,59.885865173339845,60.223823947906496
2019-12-11,51.89550047748329,P,69.96501159667969,69.94886169433593,70.17804183959962,70.49881248474121,66.01253280639648,60.04895179748535,60.27176010131836
2019-12-12,52.40403306257168,A,71.60316467285156,70.27326812744141,70.21032104492187,70.54319686889649,66.26981941223144,60.234783020019535,60.327307109832766
2019-12-13,52.56178989281702,A,70.88494873046875,70.41206512451171,70.21919631958008,70.51132164001464,66.4998568725586,60.40468292236328,60.381814556121824
2019-12-16,53.72121825866097,A,72.16804504394531,70.89463653564454,70.41287002563476,70.53956565856933,66.76080574035645,60.592027015686035,60.44080448150635
2019-12-17,54.93815985924903,A,72.69258117675781,71.46275024414062,70.74615249633788,70.58233642578125,67.04497138977051,60.784616470336914,60.49986558914185
2019-12-18,55.96996087386035,A,72.08734893798828,71.88721771240235,70.91803970336915,70.66828002929688,67.32069114685059,60.97560771942139,60.555166015625
2019-12-19,55.91326944336263,A,71.63544464111328,71.89367370605468,71.08347091674804,70.75906600952149,67.56907905578613,61.168601989746094,60.604263648986816
2019-12-20,56.538199403236526,A,72.05506896972656,72.12769775390625,71.26988143920899,70.88979568481446,67.82182479858399,61.36937183380127,60.65008586883545
2019-12-23,56.580231312229216,A,72.82977294921875,72.26004333496094,71.57733993530273,70.99026374816894,68.08796600341798,61.578843154907226,60.702449035644534
2019-12-24,56.06351621057922,A,72.50699615478516,72.22292633056641,71.84283828735352,71.07620811462402,68.335708694458,61.788745460510256,60.752541103363036
2019-12-25,55.84876035461516,A,72.50699615478516,72.30685577392578,72.09703674316407,71.13753929138184,68.57941635131836,62.001113433837894,60.80414083480835
2019-12-26,55.850184480269185,A,72.49085235595703,72.47793731689453,72.18580551147461,71.19806327819825,68.81650688171386,62.20544567108154,60.852528457641604
2019-12-27,55.394961108613295,A,71.98246002197266,72.46341552734376,72.295556640625,71.25737648010254,69.02212524414062,62.40365997314453,60.90409568786621
2019-12-30,54.37196238389816,A,71.4336929321289,72.18419952392578,72.22212142944336,71.31749572753907,69.20321098327636,62.604738006591795,60.953885612487795
2019-12-31,53.58479088561512,A,71.44983673095703,71.97276763916015,72.09784698486328,71.42199974060058,69.3754200744629,62.802159767150876,60.998923778533936
2020-01-01,52.818333014443674,P,71.44983673095703,71.76133575439454,72.03409576416016,71.47606773376465,69.54956588745117,63.01159175872803,61.047325439453125
2020-01-02,52.74432821483935,P,72.2648696899414,71.71613922119141,72.09703826904297,71.5902545928955,69.75534507751465,63.233310050964356,61.09953163146972
2020-01-03,52.509790195643916,P,71.5789566040039,71.63543853759765,72.0494270324707,71.65965423583984,69.95176368713379,63.436636199951174,61.145872631073
2020-01-06,52.84300698100672,P,72.14384460449219,71.77746887207032,71.98083419799805,71.77908706665039,70.13042846679687,63.62866970062256,61.194303588867186
2020-01-07,52.95519202930214,P,71.73229217529297,71.8339599609375,71.90336380004882,71.87310104370117,70.29860305786133,63.81778072357178,61.23182384490967
2020-01-08,53.1323189259253,A,72.24068450927734,71.99212951660157,71.87673263549804,71.98688468933105,70.45773956298828,64.00298782348632,61.271847305297854
2020-01-09,52.83194305290892,A,72.7975082397461,72.0986572265625,71.90739822387695,72.04660186767578,70.62978759765625,64.19392223358155,61.31569873809814
2020-01-10,52.60631057544429,A,71.86946105957031,72.15675811767578,71.89609832763672,72.09582748413087,70.74776779174805,64.38790454864503,61.35243579864502
2020-01-13,51.843471155317154,A,71.4336929321289,72.01472778320313,71.89609832763672,72.05910987854004,70.83701934814454,64.57363185882568,61.38494510650635
2020-01-14,51.76480902031117,A,72.13707733154297,72.09568481445312,71.9648223876953,72.0313346862793,70.95889938354492,64.77267654418945,61.42595832824707
2020-01-15,51.893019244221215,A,73.00403594970703,72.24835510253907,72.12024230957032,72.07716903686523,71.09424484252929,64.97720928192139,61.470301208496096
2020-01-16,51.901303580015934,A,73.00403594970703,72.28966064453125,72.19415893554688,72.14559860229492,71.23072021484376,65.18054893493652,61.51920576095581
2020-01-17,51.76321851907907,A,71.97349548339844,72.31046752929687,72.23361282348633,72.14151992797852,71.29493850708008,65.37740097045898,61.56264434814453
2020-01-20,51.94733086124423,A,71.97349548339844,72.41842803955078,72.21657791137696,72.0987060546875,71.35189315795898,65.57425300598145,61.605103645324704
2020-01-21,51.64920974446761,A,71.9653091430664,72.38407440185547,72.2398796081543,72.07162170410156,71.39609558105468,65.77372749328613,61.65073402404785
2020-01-22,50.5762496873715,P,71.3273696899414,72.04874114990234,72.1485481262207,72.01264038085938,71.42398849487304,65.95902782440186,61.70191003799439
2020-01-23,48.76687477884451,P,69.74068450927734,71.39607086181641,71.84286575317383,71.8751319885254,71.40449264526367,66.1232914352417,61.746758708953855
2020-01-24,46.956133454011024,P,68.32575988769531,70.66652374267578,71.48849563598633,71.69229698181152,71.34055877685547,66.26871292114258,61.78453275680542
2020-01-27,45.504341683854534,P,68.71833801269531,70.01549224853515,71.21696014404297,71.55652923583985,71.28286224365235,66.42537780761718,61.82199764251709
2020-01-28,43.841130990958426,P,68.51386260986328,69.32520294189453,70.854638671875,71.40973052978515,71.21639617919922,66.56822624206544,61.85644235610962
2020-01-29,42.437826365644405,P,68.04768371582031,68.66926574707031,70.35900344848633,71.23962287902832,71.16998031616211,66.69599349975586,61.88851703643799
2020-01-30,41.455926423093494,P,66.88628387451172,68.09838562011718,69.74722824096679,70.97069358825684,71.11131149291992,66.80148860931396,61.91216028213501
2020-01-31,40.99617559741532,P,66.26468658447266,67.68617095947266,69.17634735107421,70.70498008728028,71.04779571533203,66.90331283569336,61.931285247802734
2020-02-03,40.543625738724224,P,67.31156921386719,67.40481719970703,68.7101547241211,70.46336631774902,70.9776188659668,67.0150492477417,61.95329444885254
2020-02-04,41.15552309714202,P,68.99641418457031,67.50132751464844,68.41326522827148,70.32657241821289,70.94178497314454,67.13552124023437,61.98729248046875
2020-02-05,42.87746602707873,P,70.85299682617188,68.06239013671875,68.36582794189454,70.25718803405762,70.9332374572754,67.27718376159667,62.03253206253052
2020-02-06,45.48942767761765,P,71.30284881591797,68.945703125,68.5220443725586,70.18245506286621,70.93368698120118,67.42016330718994,62.08166606903076
2020-02-07,50.20371317785284,A,75.48220825195312,70.7892074584961,69.23768920898438,70.36309242248535,71.0274072265625,67.59920963287354,62.15075679779053
2020-02-10,55.39415558462655,A,77.49420166015625,72.8257339477539,70.11527557373047,70.66611785888672,71.17266510009766,67.79408088684082,62.227753009796146
2020-02-11,60.046997065197985,A,78.51656341552734,74.72976379394531,71.11554565429688,70.98509216308594,71.35580123901367,67.99901679992676,62.31499250411987
2020-02-12,64.12751105431931,A,79.98052978515625,76.55527038574219,72.30883026123047,71.3339168548584,71.54804229736328,68.22543254852295,62.409395141601564
2020-02-13,66.83191704669186,A,77.98491668701172,77.89168395996094,73.41869354248047,71.58296089172363,71.70811798095703,68.41646179199219,62.49413301467896
2020-02-14,66.39670096927837,A,76.92168426513672,78.17957916259766,74.48439331054688,71.83037033081055,71.84273239135742,68.5903367614746,62.57535673141479
2020-02-17,64.82963760462401,A,76.92168426513672,78.06507568359375,75.44540481567383,72.07777976989746,71.98606231689453,68.75729183197022,62.65885232925415
2020-02-18,62.53410961911467,A,76.56182098388672,77.67412719726562,76.20194549560547,72.30760536193847,72.12025848388672,68.94045330047608,62.73439874649048
2020-02-19,59.75247324774261,A,76.99527740478516,77.0770767211914,76.8161735534668,72.59100074768067,72.26086380004882,69.13669830322266,62.81078058242798
2020-02-20,58.08171386808247,A,77.06890106201172,76.89387359619141,77.39277877807618,72.95741157531738,72.37017852783202,69.31999897003173,62.88471019744873
2020-02-21,57.47051999659624,A,77.66593170166016,77.0427230834961,77.61115112304688,73.42442016601562,72.50579818725586,69.50282752990722,62.96178155899048
2020-02-24,56.25241668341923,A,76.17739868164062,76.89386596679688,77.4794708251953,73.7973731994629,72.58598526000976,69.6733955001831,63.030000095367434
2020-02-25,53.936182031043025,A,72.9385986328125,76.16922149658203,76.92167434692382,74.01861000061035,72.59090560913086,69.81793849945069,63.07787246704102
2020-02-26,51.304826335042975,P,72.30884552001953,75.2319351196289,76.15450592041016,74.2316680908203,72.59533554077149,69.95801334381103,63.11981494903564
2020-02-27,47.62687950289523,P,69.86336517333984,73.79082794189453,75.34235076904297,74.38052215576172,72.55989395141602,70.06448650360107,63.15125350952148
2020-02-28,44.017379953606984,P,70.1005630493164,72.27775421142579,74.66023864746094,74.5723159790039,72.52080383300782,70.1713143157959,63.18814779281616
2020-03-02,42.5746148073369,P,72.537841796875,71.54984283447266,74.22185440063477,74.8336296081543,72.51496520996093,70.30146560668945,63.23722846984863
2020-03-03,42.66826233524292,P,71.62181854248047,71.28648681640625,73.72785415649415,74.9648998260498,72.49726165771484,70.41648517608643,63.289680843353274
2020-03-04,44.64460815982141,P,75.04054260253906,71.83282623291015,73.53238067626953,75.17427711486816,72.54793258666992,70.56367446899414,63.35910934448242
2020-03-05,47.32412113165992,P,74.108154296875,72.6817840576172,73.23630599975586,75.31454238891601,72.58027862548828,70.69839275360107,63.42563854217529
2020-03-06,48.747249392276935,A,72.64414978027344,73.1905014038086,72.73412780761718,75.17263946533203,72.59351242065429,70.80781883239746,63.48837324142456
2020-03-09,47.35529799362869,P,69.74068450927734,72.63106994628906,72.09045639038087,74.78496360778809,72.55965225219727,70.88143161773682,63.54054697036743
2020-03-10,47.13484300434012,P,71.5890884399414,72.62452392578125,71.95550537109375,74.43858985900879,72.56243728637695,70.96892868041992,63.597849731445315
2020-03-11,43.94761848693992,P,69.39716339111328,71.4958480834961,71.66433715820312,73.90942153930663,72.52138381958008,71.03547485351562,63.64297859191895
2020-03-12,39.08947462953379,P,64.2936019897461,69.5329376220703,71.10736083984375,73.22485580444337,72.36195846557617,71.05865177154541,63.66255043029785
2020-03-13,38.11224148302434,P,69.8224868774414,68.9686050415039,71.07955322265624,72.8698959350586,72.32682907104493,71.13929637908936,63.70835643768311
2020-03-16,34.71739877814151,P,60.74400329589844,67.16926879882813,69.9001693725586,72.06101188659667,72.09883224487305,71.11463035583496,63.710650329589846
2020-03-17,29.538445655667203,P,59.72163391113281,64.7957778930664,68.71015090942383,71.21900253295898,71.85861907958984,71.07861106872559,63.703053359985354
2020-03-18,24.985771701147655,B,58.09407424926758,62.535160064697266,67.01550407409668,70.27394237518311,71.57568687438965,71.01671321868896,63.68575170516968
2020-03-19,22.99987085179382,B,58.11859893798828,61.3001594543457,65.416548538208,69.32642726898193,71.2821086883545,70.95594814300537,63.66708429336548
2020-03-20,16.692404021963373,B,56.28655624389648,58.59297332763672,63.78078918457031,68.25745849609375,70.97045059204102,70.85910919189453,63.64027505874634
2020-03-23,14.479982527422933,B,52.7533073425293,56.99483413696289,62.08205146789551,67.08625392913818,70.59684288024903,70.71693111419678,63.59595623016357
2020-03-24,14.215584712345942,B,55.198768615722656,56.09026107788086,60.443019485473634,66.19926242828369,70.25807670593262,70.60848804473876,63.56543161392212
2020-03-25,15.467515255359528,B,55.54228591918945,55.57990341186523,59.05753173828125,65.36093444824219,69.90884170532226,70.50154327392578,63.53913146972656
2020-03-26,18.83450096265551,B,60.3841438293457,56.03301239013672,58.66658592224121,64.88697338104248,69.65644386291504,70.4435820388794,63.53418104171753
2020-03-27,22.888508431469333,B,59.435394287109375,56.6627799987793,57.627876663208006,64.35371494293213,69.40568183898925,70.35031017303467,63.52276346206665
2020-03-30,29.070279984907756,B,61.53734588623047,58.41958770751953,57.70721092224121,63.803690147399905,69.19695884704589,70.27442600250244,63.52314830780029
2020-03-31,34.47509685679507,B,62.31432342529297,59.842698669433595,57.96647987365723,63.338315391540526,69.00393913269043,70.20001735687256,63.57736192703247
2020-04-01,38.04280796147543,B,60.04879760742188,60.74400100708008,58.16195220947266,62.58872814178467,68.77836769104005,70.10117809295654,63.611238441467286
2020-04-02,38.74983196684309,B,61.4473762512207,60.95664749145508,58.494829940795896,61.95568923950195,68.61250152587891,70.00849708557129,63.64427350997925
2020-04-03,40.020773141476695,C,60.00791549682617,61.07115173339844,58.86696586608887,61.32387752532959,68.44614463806153,69.89335170745849,63.65945650100708
2020-04-06,40.240520973732814,C,61.938106536865234,61.15130386352539,59.78544578552246,60.93374862670898,68.31054000854492,69.79670112609864,63.681626892089845
2020-04-07,39.257568540707524,C,61.66003036499024,61.02044525146484,60.43157196044922,60.43729572296142,68.17346336364746,69.69492977142335,63.69915557861328
2020-04-08,41.18588788733577,C,64.25269317626953,61.86122436523438,61.302612686157225,60.18007221221924,68.09756355285644,69.63377193450928,63.72678802490234
2020-04-09,43.325846677238864,C,65.2259750366211,62.61694412231445,61.78679580688477,60.22669086456299,68.06435737609863,69.58783443450928,63.759286880493164
2020-04-10,45.70659221560377,C,65.2259750366211,63.66055603027344,62.36585388183594,59.99686527252197,68.0435831451416,69.54568943023682,63.79950265884399
2020-04-13,47.32672857602526,C,65.67581939697266,64.40809860229493,62.779701232910156,60.243456077575686,68.01086814880371,69.49424350738525,63.848900985717776
2020-04-14,50.6804363408811,C,68.17434692382812,65.7109619140625,63.36570358276367,60.666091728210446,67.99442680358887,69.4681058883667,63.910713596343996
2020-04-15,52.08794722072062,C,67.91703033447266,66.44382934570312,64.15252685546875,61.157239532470705,67.93570747375489,69.43447246551514,63.96963357925415
2020-04-16,52.98271762146944,C,67.95022583007812,66.98867950439453,64.8028118133545,61.648820877075195,67.86865501403808,69.40117099761963,64.03032558441163
2020-04-17,54.578091761363055,C,69.27006530761719,67.79749755859375,65.7290267944336,62.29799633026123,67.74441215515137,69.38590969085693,64.09717933654785
2020-04-20,55.94289094083575,C,69.71829986572266,68.60599365234376,66.50704612731934,63.1462459564209,67.58889411926269,69.38077960968018,64.16631402969361
2020-04-21,54.36493862968677,C,66.70511627197266,68.31214752197266,67.01155471801758,63.7215633392334,67.3526651763916,69.35423320770263,64.22479721069335
2020-04-22,53.1074861773983,C,67.62651062011719,68.25404357910156,67.34893646240235,64.32577457427979,67.10558479309083,69.32681354522705,64.2912279510498
2020-04-23,51.98917729682848,C,68.09963989257812,68.28392639160157,67.63630294799805,64.7115493774414,66.90787925720215,69.30799861907958,64.36030265808105
2020-04-24,50.706724433764805,C,69.38626861572266,68.30716705322266,68.05233230590821,65.20909309387207,66.75717094421387,69.29995166778565,64.43465719223022
2020-04-27,49.46989971702117,C,70.29936218261719,68.42337951660156,68.51468658447266,65.6471939086914,66.62472450256348,69.305393409729,64.51572475433349
2020-04-28,49.492377112481854,C,68.69730377197266,68.82181701660156,68.56698226928711,65.96634292602539,66.46743415832519,69.29384632110596,64.5898557472229
2020-04-29,49.87912147282959,C,69.52738189697266,69.20199127197266,68.7280174255371,66.44027214050293,66.31807624816895,69.28947002410888,64.66921091079712
2020-04-30,49.58827531061644,C,68.23246002197266,69.22855529785156,68.75624084472656,66.77952632904052,66.14134742736816,69.2557629776001,64.74527299880981
2020-05-01,48.786926576709995,C,68.76371002197266,69.10404357910156,68.7056053161621,67.21731605529786,65.96330299377442,69.23455059051514,64.8196167564392
2020-05-04,47.15893007183164,C,67.95022583007812,68.63421630859375,68.52879791259765,67.51792201995849,65.79875953674316,69.19237239837646,64.89219970703125
2020-05-05,48.15919956952772,C,70.8637924194336,69.06751403808593,68.94466552734374,67.97811012268066,65.75726341247558,69.17408451080323,64.97935049057007
2020-05-06,48.41474120814894,C,70.90531158447266,69.34309997558594,69.2725456237793,68.31074104309081,65.72919273376465,69.16226413726807,65.06893592834473
2020-05-07,49.26606465356872,C,69.90922546386719,69.67845306396484,69.4535041809082,68.54490356445312,65.7301099395752,69.14500194549561,65.15680196762085
2020-05-08,49.79364917313978,C,69.69338989257812,69.86438903808593,69.48421630859374,68.76827430725098,65.72196647644043,69.12138515472412,65.2453784942627
2020-05-11,52.27735627590187,C,72.96391296386719,70.86712646484375,69.75067138671875,69.1326789855957,65.73048789978027,69.12272655487061,65.35078485488891
2020-05-12,53.34192864185917,A,75.08892059326172,71.71215209960937,70.38983306884765,69.47840766906738,65.7998299407959,69.14854579925537,65.46864562988281
2020-05-13,53.87447575345404,A,73.76908874511719,72.28490753173828,70.8140037536621,69.77101058959961,65.77440086364746,69.1611667251587,65.5811400794983
2020-05-14,55.31756378446562,A,74.65727996826172,73.2345184326172,71.45648574829102,70.10636329650879,65.78538337707519,69.18283100128174,65.69413833618164
2020-05-15,57.341314981751566,A,75.29642486572266,74.3551254272461,72.10975723266601,70.40768127441406,65.83842887878419,69.21597064971924,65.80981531143189
2020-05-18,58.151027169954205,A,75.92728424072266,74.94779968261719,72.90746307373047,70.71813049316407,65.96216087341308,69.26090656280518,65.93282228469849
2020-05-19,57.776425815996014,A,75.70317840576172,75.07065124511719,73.39140167236329,71.16803359985352,66.04444267272949,69.30343997955322,66.05279987335206
2020-05-20,58.51702157518272,A,75.69486236572266,75.45580596923828,73.87035675048828,71.57145118713379,66.17039665222168,69.34589023590088,66.17874099731445
2020-05-21,59.455802814117966,A,77.21389770507812,75.96712951660156,74.60082397460937,72.02716407775878,66.42880256652832,69.39538051605224,66.3143452835083
2020-05-22,59.3048124578793,A,76.45025634765625,76.19789581298828,75.2765106201172,72.38036346435547,66.56135795593262,69.44409351348877,66.44036485671997
2020-05-25,58.969991225826966,A,76.45025634765625,76.302490234375,75.6251449584961,72.68790817260742,66.87548301696778,69.48715763092041,66.55791366577148
2020-05-26,58.703420828926916,A,75.29642486572266,76.22113952636718,75.6458953857422,73.01786422729492,67.18697883605957,69.5227989578247,66.67028984069825
2020-05-27,57.99509579454656,A,74.6904525756836,76.02025756835937,75.73803176879883,73.27601776123046,67.51890640258789,69.54729663848877,66.77514223098756
2020-05-28,56.190437488074764,A,74.73198699951172,75.5238754272461,75.74550247192383,73.60099411010742,67.85117416381836,69.56664142608642,66.88028182983399
2020-05-29,56.39664405522914,A,76.9233627319336,75.61849670410156,75.90819625854492,74.00897674560547,68.2639102935791,69.61718044281005,67.00254249572754
2020-06-01,56.143322054599714,A,75.28811645507812,75.38606872558594,75.84427947998047,74.37587127685546,68.71460647583008,69.65572467803955,67.11467826843261
2020-06-02,56.34470605606157,A,75.57035064697266,75.44085388183593,75.83099670410157,74.61119918823242,69.12203811645507,69.69005741119385,67.23136697769165
2020-06-03,56.67543251348595,A,75.44583892822266,75.59193115234375,75.80609436035157,74.83822555541992,69.52010917663574,69.714475440979,67.3458423614502
2020-06-04,57.672466508776104,A,77.23050689697266,76.09163513183594,75.80775527954101,75.2042896270752,69.85703643798828,69.75674015045166,67.4686445426941
2020-06-05,57.69385256594717,A,77.90287780761719,76.28753814697265,75.95301742553711,75.61476402282715,70.22638610839844,69.81603397369385,67.59671747207642
2020-06-08,58.40232457926581,A,78.51712799072266,76.93334045410157,76.15970458984376,75.89242477416992,70.56598175048828,69.88147029876708,67.72786165237427
2020-06-09,59.6419405753646,A,79.82865142822266,77.78500061035156,76.61292724609375,76.12941131591796,70.91626831054687,69.96010372161865,67.8669156074524
2020-06-10,61.500884365731984,A,80.43462371826172,78.78275756835937,77.18734436035156,76.46268806457519,71.32398483276367,70.05117626190186,68.00510204315185
2020-06-11,60.801984049812084,A,76.58305358886719,78.65326690673828,77.37245101928711,76.55897674560546,71.6266983795166,70.11959995269775,68.12144569396973
2020-06-12,59.72623558396251,A,76.74908447265625,78.4225082397461,77.35502319335937,76.63160972595215,71.9615217590332,70.20383319854736,68.23627305984498
2020-06-15,58.68550891743204,A,77.26371002197266,78.1718246459961,77.55258255004883,76.69843101501465,72.26803382873535,70.28928691864013,68.35733236312866
2020-06-16,58.074650108398004,A,79.73734283447266,78.1535629272461,77.96928176879882,76.9001392364502,72.629580078125,70.40152172088624,68.48487398147583
2020-06-17,56.534692251969666,A,79.47171783447266,77.96098175048829,78.37186965942382,77.0889820098877,72.93396057128906,70.51576206207275,68.60587778091431
2020-06-18,57.46752332875454,A,79.87847900390625,78.6200668334961,78.63666687011718,77.2222110748291,73.22701065063477,70.6456840133667,68.72358631134033
2020-06-19,58.75588127572323,A,80.27688598632812,79.32562713623047,78.87406768798829,77.41354255676269,73.52802886962891,70.78580600738525,68.8445594215393
2020-06-22,59.87668545306661,A,80.74173736572266,80.02123260498047,79.09652862548828,77.62811660766602,73.8293472290039,70.92010768890381,68.96757846832276
2020-06-23,59.47785483635466,A,80.7749252319336,80.22874908447265,79.19115600585937,77.90204162597657,74.08135879516601,71.03789279937745,69.08670701980591
2020-06-24,58.5805510351758,A,78.97367858886719,80.12914123535157,79.04506149291993,78.11620292663574,74.3024917602539,71.1190996170044,69.19814168930054
2020-06-25,58.30553003721082,A,80.50930786132812,80.25530700683593,79.43768692016602,78.40506896972656,74.5536734008789,71.2111642074585,69.31566375732422
2020-06-26,57.006589034001024,A,79.79545593261719,80.15902099609374,79.74232406616211,78.54867362976074,74.7641812133789,71.25429668426514,69.42675315856934
2020-06-29,55.70143088776623,A,80.05278015136719,80.02122955322265,80.02123107910157,78.78690681457519,74.9708708190918,71.27988246917725,69.53698167800903
2020-06-30,55.50437916114338,A,81.49711608886719,80.16566772460938,80.19720840454102,79.08324508666992,75.26671081542969,71.30968799591065,69.6543523979187
2020-07-01,56.72112844359017,A,82.29397583007812,80.82972717285156,80.47943420410157,79.4256519317627,75.5600601196289,71.33282245635986,69.77912750244141
2020-07-02,56.44959004127265,A,82.07817077636719,81.14349975585938,80.69940338134765,79.66803512573242,75.83963073730469,71.37375499725341,69.89510839462281
2020-07-03,56.97344432534806,A,82.07817077636719,81.60004272460938,80.87953186035156,79.87679977416992,76.09346878051758,71.42531986236573,70.00782831192016
2020-07-06,57.33953935239894,A,82.18608093261719,82.02670288085938,81.02396621704102,80.06024742126465,76.33120315551758,71.47796382904053,70.11762783050537
2020-07-07,57.21145848686337,A,82.46831512451172,82.22094268798828,81.19330520629883,80.19223060607911,76.60662338256836,71.53702877044678,70.23874103546143
2020-07-08,56.49104391268927,A,82.41020202636719,82.24418792724609,81.53695755004883,80.29100952148437,76.86427978515626,71.5911780166626,70.36393815994262
2020-07-09,55.942438301152755,A,81.29788970947266,82.08813171386718,81.61581573486328,80.52675132751465,77.12558837890624,71.6334679031372,70.47673343658447
2020-07-10,54.99928110270458,A,80.37651824951172,81.7478012084961,81.67392196655274,80.70812301635742,77.35784454345703,71.66057376861572,70.58170064926148
2020-07-13,54.63956807233105,A,81.23149871826172,81.556884765625,81.79179382324219,80.90651245117188,77.62347000122071,71.71111476898193,70.69225513458252
2020-07-14,54.740316153279686,A,83.07154083251953,81.67752990722656,81.94923629760743,81.07322235107422,77.86762496948242,71.81244419097901,70.81519134521484
2020-07-15,55.464412139669,A,84.42430114746094,82.08034973144531,82.1622688293457,81.32085151672364,78.13800476074219,71.93359874725341,70.94580604553222
2020-07-16,56.562045388499676,A,83.95376586914062,82.61152496337891,82.34982833862304,81.52461585998535,78.41889556884766,72.07450275421142,71.06949462890626
2020-07-17,58.53560499393291,A,84.7183609008789,83.47989349365234,82.61384735107421,81.74668960571289,78.71939498901367,72.22068073272705,71.19599752426147
2020-07-20,59.14026720965955,A,83.63449096679688,83.96049194335937,82.7586883544922,81.89132728576661,78.93280654907227,72.33164722442626,71.31655641555786
2020-07-21,58.07949763638705,A,81.83644104003906,83.71347198486328,82.69550094604492,81.94440307617188,79.0677569580078,72.43379344940186,71.42513931274414
2020-07-22,56.41503150828277,A,82.08848571777344,83.24630889892578,82.66332931518555,82.10014343261719,79.23414489746094,72.5042728805542,71.53397367477417
2020-07-23,54.86152942005503,A,82.36577606201172,82.9287109375,82.77011795043946,82.19296684265137,79.38831481933593,72.58684909820556,71.64262092590332
2020-07-24,52.548615217777446,A,81.5927734375,82.30359344482422,82.89174346923828,82.2828327178955,79.51424179077148,72.67633533477783,71.74207708358765
2020-07-27,51.30517476537412,A,81.63477325439453,81.90364990234374,82.93207092285157,82.36193237304687,79.62839157104492,72.795276222229,71.83835391998291
2020-07-28,50.957786040991486,A,81.2566909790039,81.78769989013672,82.7505859375,82.34991111755372,79.73946182250977,72.89195224761963,71.93044046401978
2020-07-29,50.5983057074554,P,81.5087661743164,81.67175598144532,82.45903244018555,82.31065063476562,79.85573989868163,73.01306827545166,72.02427156448364
2020-07-30,49.89558911258671,P,80.69377136230469,81.33735504150391,82.13303298950196,82.2414306640625,79.92533737182617,73.17706996917724,72.11786087036133
2020-07-31,48.92600318806839,P,79.74431610107422,80.96766357421875,81.63562850952148,82.12473793029785,79.99121856689453,73.27628826141357,72.20779232025147
2020-08-03,48.651475480692426,P,80.6097412109375,80.76265716552734,81.33315353393554,82.04592094421386,80.07440826416016,73.47494564056396,72.29478799819947
2020-08-04,48.369677298544396,P,79.22337341308594,80.35599365234376,81.07184677124023,81.88367385864258,80.15294723510742,73.66996303558349,72.37428705215454
2020-08-05,47.72208464905677,P,78.34957122802734,79.72415466308594,80.69795532226563,81.68064231872559,80.2261296081543,73.87251800537109,72.44461561203003
2020-08-06,47.16440227617452,P,77.7782211303711,79.14104461669922,80.23919982910157,81.50465888977051,80.28705429077148,74.06911422729492,72.51253118515015
2020-08-07,47.50078217577077,P,78.07230377197266,78.8066421508789,79.88715286254883,81.38944816589355,80.31003311157227,74.28697170257568,72.5730404472351
2020-08-10,46.82041383061428,P,77.61858367919922,78.20841064453126,79.4855339050293,81.20880241394043,80.35664245605469,74.53562446594238,72.62627779006958
2020-08-11,46.569132528442054,P,77.86222839355469,77.936181640625,79.14608764648438,80.94833679199219,80.40248001098632,74.7622590637207,72.68537355422974
2020-08-12,47.764778603265974,P,80.24845123291016,78.31595764160156,79.02005615234376,80.73954429626465,80.49853225708007,75.00932071685791,72.75543199539185
2020-08-13,48.62917893783523,P,79.55107116699219,78.67052764892578,78.9057861328125,80.51940956115723,80.54494354248047,75.20098999023438,72.82228601455688
2020-08-14,49.236855693291574,P,79.87875366210938,79.03181762695313,78.91922988891602,80.27742919921874,80.58446105957032,75.40542358398437,72.87786687850952
2020-08-17,50.450204603540165,P,80.9542236328125,79.69894561767578,78.95367813110352,80.14341583251954,80.6332029724121,75.59959236145019,72.93700918197632
2020-08-18,51.39914645380813,P,80.36607360839844,80.19971466064453,79.06794815063476,80.0698974609375,80.64395141601562,75.78010986328125,72.9900636100769
2020-08-19,51.256435500179265,A,80.7441635131836,80.29885711669922,79.30740737915039,80.002681350708,80.65014221191406,75.98706352233887,73.0441208076477
2020-08-20,51.442049348675795,A,79.98798370361328,80.38623962402343,79.52838363647462,79.88379173278808,80.71824081420898,76.1724695968628,73.09048334121704
2020-08-21,51.45450681851784,A,79.70230865478516,80.3509506225586,79.69138412475586,79.78926849365234,80.77730529785157,76.36941352844238,73.13138261795044
2020-08-24,50.70381248537541,A,79.40824127197266,80.04175415039063,79.8703498840332,79.67794189453124,80.82019592285157,76.54411487579345,73.17040800094604
2020-08-25,49.88516452673665,P,79.0301284790039,79.77456512451172,79.98713989257813,79.56661376953124,80.8060516357422,76.7178158569336,73.20637281417847
2020-08-26,48.855483710514655,P,79.2738037109375,79.4804931640625,79.88967514038086,79.45486564636231,80.80209335327149,76.86802696228027,73.25089944839478
2020-08-27,48.09483705787678,P,79.2317886352539,79.32925415039062,79.85774688720703,79.38176651000977,80.78915954589844,77.0080850982666,73.29795976638793
2020-08-28,47.4817603332794,P,79.12256622314453,79.2133056640625,79.78212814331054,79.35067901611328,80.76607315063477,77.14705101013183,73.34637022018433
2020-08-31,47.59841400833747,P,80.46688079833984,79.42503356933594,79.73339385986328,79.34353599548339,80.76057601928711,77.29496162414551,73.39460256576538
2020-09-01,46.697651146502174,P,77.5009536743164,79.11919860839843,79.44688186645507,79.25741500854492,80.69509658813476,77.38822769165039,73.42816679000855
2020-09-02,46.77808159514325,P,78.9377212524414,79.05198211669922,79.26623764038087,79.28682250976563,80.69437744140625,77.49843460083008,73.46645353317261
2020-09-03,45.929453528035715,P,77.19007110595703,78.64363861083984,78.98644638061523,79.25741500854492,80.62799270629883,77.59083305358887,73.49600202560424
2020-09-04,45.080119076773975,P,77.19007110595703,78.25713958740235,78.73522262573242,79.21330337524414,80.57588500976563,77.67003311157227,73.5279714012146
2020-09-07,43.721953684313995,P,77.19007110595703,77.60177764892578,78.51340560913086,79.19187774658204,80.51863082885743,77.74475082397461,73.56276521682739
2020-09-08,43.48425509840383,P,75.8037338256836,77.26233367919922,78.19076614379883,79.08895301818848,80.40476318359374,77.83573699951172,73.59498510360717
2020-09-09,42.516103361743326,P,76.98841857910156,76.87247314453126,77.96222763061523,78.92595138549805,80.29865203857422,77.92935607910157,73.6280848121643
2020-09-10,41.85103019057704,P,75.32481384277344,76.49942169189453,77.57153015136718,78.7146385192871,80.16358489990235,78.00160781860352,73.65480321884155
2020-09-11,41.104914955854326,P,75.36681365966797,76.13477020263672,77.19595489501953,78.48904151916504,80.02935775756836,78.06141326904297,73.6806824684143
2020-09-14,40.544434891531345,P,76.03060150146484,75.90287628173829,76.75232696533203,78.24286041259765,79.90624816894531,78.11872566223144,73.71205953598023
2020-09-15,40.847950581782904,P,76.38348388671875,76.01882629394531,76.64057998657226,78.04373092651367,79.78455154418945,78.1955874633789,73.74471689224244
2020-09-16,40.336404640206034,P,75.43402862548828,75.70794830322265,76.29021072387695,77.77822418212891,79.64502807617187,78.25465393066406,73.77206197738647
2020-09-17,40.73521469053227,P,75.3080062866211,75.70458679199218,76.10200424194336,77.54422531127929,79.52523040771484,78.32540939331055,73.79058618545533
2020-09-18,41.447171561839866,P,75.71131896972656,75.7734878540039,75.95412902832031,77.34467582702636,79.43192642211915,78.39488548278808,73.81471803665161
2020-09-21,41.58577820023206,P,74.85428619384766,75.53822479248046,75.72055053710938,77.11697807312012,79.30438217163086,78.46392608642579,73.82814924240112
2020-09-22,40.664294043149745,P,74.44259643554688,75.1500473022461,75.58443679809571,76.88760147094726,79.13180328369141,78.49971412658691,73.83689931869507
2020-09-23,39.93421851238028,P,73.21588134765625,74.70641784667968,75.20718307495117,76.5847053527832,78.90763488769531,78.52281982421874,73.8425419807434
2020-09-24,38.54869585503376,P,72.18243408203125,74.08130340576172,74.89294509887695,76.23223762512207,78.67220825195312,78.54555191040039,73.84527692794799
2020-09-25,36.93012514390667,P,72.4512939453125,73.4292984008789,74.60139312744141,75.89867401123047,78.4268669128418,78.57313095092773,73.84725805282592
2020-09-28,36.06821356216107,P,73.33351135253906,73.1251434326172,74.33168411254883,75.54200553894043,78.22084732055664,78.57682693481445,73.84977674484253
2020-09-29,35.637940355725355,P,73.00582885742188,72.8377899169922,73.99391860961914,75.3172492980957,78.0442350769043,78.55599601745605,73.8522709083557
2020-09-30,36.289799487942005,P,73.59396362304688,72.91340637207031,73.809912109375,75.05006141662598,77.87434463500976,78.55424476623536,73.85770574569702
2020-10-01,37.20249574528193,B,73.21588134765625,73.1200958251953,73.60069961547852,74.85135192871094,77.69134674072265,78.53983078002929,73.86133089065552
2020-10-02,37.66027881149605,B,72.35887908935547,73.1016128540039,73.26545562744141,74.60979232788085,77.50666885375976,78.51045532226563,73.86321298599243
2020-10-05,38.529376448179704,B,73.87964630126953,73.21083984375,73.1679916381836,74.44427108764648,77.35156631469727,78.48997894287109,73.87544275283814
2020-10-06,38.722894289341575,B,72.16563415527344,73.04280090332031,72.94029541015625,74.26236610412597,77.16974517822266,78.4546035003662,73.87902173995971
2020-10-07,38.839538978694115,B,73.15707397460938,72.9554229736328,72.93441467285156,74.07079887390137,77.00271133422852,78.42922561645508,73.88755792617798
2020-10-08,39.225888740341304,B,73.38392639160156,72.98903198242188,73.0545639038086,73.97375450134277,76.85651443481446,78.39092590332031,73.89315320968628
2020-10-09,40.381947400075695,B,73.68640899658203,73.2545379638672,73.17807540893554,73.88973426818848,76.7353562927246,78.36328742980957,73.90369047164917
2020-10-12,40.70547124120154,C,74.20735168457031,73.32007904052735,73.26545944213868,73.79857177734375,76.60730850219727,78.34085838317871,73.91400800704956
2020-10-13,41.78055719845585,C,73.79562377929688,73.64607696533203,73.34443893432618,73.66917877197265,76.49875350952148,78.32585037231445,73.92432466506958
2020-10-14,42.172293565326875,C,73.30167388916016,73.67499694824218,73.3152099609375,73.56256103515625,76.39779556274414,78.31196258544922,73.92962961196899
2020-10-15,41.926235345229514,C,72.58629608154297,73.51547088623047,73.25225143432617,73.42647552490234,76.29395706176757,78.29050567626953,73.92857355117798
2020-10-16,41.6865931104876,C,73.47200012207031,73.47258911132812,73.36356353759766,73.31450958251953,76.20195098876952,78.2559920501709,73.93658624649048
2020-10-19,40.82422306592136,B,71.80276489257812,72.99167175292969,73.15587539672852,73.16193351745605,76.08563461303712,78.2211385345459,73.93843160629272
2020-10-20,39.9522247832324,B,71.75164794921875,72.58287658691407,73.11447677612304,73.02738609313965,75.96342300415039,78.18295150756836,73.9365044593811
2020-10-21,38.75350477720381,B,70.59342193603516,72.04122619628906,72.85811157226563,72.8962631225586,75.77032241821288,78.13442733764649,73.92445138931275
2020-10-22,38.52231503139654,B,71.80276489257812,71.8845199584961,72.69999542236329,72.87727966308594,75.61535629272461,78.08014991760254,73.9184450340271
2020-10-23,37.77891350648223,B,71.82832336425781,71.5557846069336,72.51418685913086,72.8461311340332,75.45434768676758,78.01940437316894,73.9177191734314
2020-10-26,37.70598306004126,B,71.47062683105469,71.4893569946289,72.24051437377929,72.75298690795898,75.26467575073242,77.94893936157227,73.91520483016967
2020-10-27,37.027830293294905,B,70.44012451171875,71.2270523071289,71.90496444702148,72.62470169067383,75.06615676879883,77.85505409240723,73.90757890701293
2020-10-28,36.25635864102161,B,68.5494613647461,70.8182601928711,71.42974319458008,72.37247657775879,74.82226272583007,77.73620246887207,73.89368936538696
2020-10-29,35.08956478873329,B,68.70276641845703,70.19826049804688,71.04139022827148,72.14682083129883,74.59655838012695,77.65739959716797,73.88849977493287
2020-10-30,35.841690212004714,B,72.47557830810547,70.32771148681641,70.941748046875,72.15265579223633,74.45202377319336,77.61466453552246,73.90924886703492
2020-11-02,38.02976319867306,B,75.15827178955078,71.06524047851562,71.27729873657226,72.21658706665039,74.36702438354492,77.59361015319824,73.94144853591919
2020-11-03,40.72680300529834,B,74.91130828857422,71.95947723388672,71.59326477050782,72.35387077331544,74.28464797973633,77.54534980773926,73.97343576431274
2020-11-04,46.988062752217814,C,80.48109436035156,74.3458038330078,72.58203201293945,72.72007179260254,74.30879379272461,77.55544357299804,74.0356028175354
2020-11-05,52.53240556082713,C,79.791259765625,76.56350250244141,73.38088150024414,73.04043846130371,74.31998321533203,77.55457138061523,74.10012769699097
2020-11-06,55.46590353778436,C,79.07586669921875,77.88356018066406,74.10563583374024,73.30991134643554,74.31904922485352,77.54256118774414,74.1641835975647
2020-11-09,57.46876178423565,C,81.00912475585938,79.05373077392578,75.0594856262207,73.65,74.32989410400391,77.54523506164551,74.23267137527466
2020-11-10,61.0955711681568,A,84.20281219482422,80.91203155517579,76.43575439453124,74.17035942077636,74.46393127441407,77.57951393127442,74.30870336532593
2020-11-11,60.979468086562115,A,83.5896224975586,81.53373718261719,77.9397705078125,74.68475685119628,74.5569692993164,77.62567337036133,74.37238649368287
2020-11-12,61.243028726747774,A,83.1212158203125,82.1997283935547,79.38161544799804,75.21150283813476,74.67559219360352,77.65179244995117,74.43147832870483
2020-11-13,62.43835823517287,A,84.34759521484375,83.25407409667969,80.56881713867188,75.75528259277344,74.81874267578125,77.69731384277344,74.47580526351929
2020-11-16,62.500606877374175,A,83.76847839355469,83.80594482421876,81.42983779907226,76.35356826782227,74.95031082153321,77.73447082519532,74.50717664718628
2020-11-17,60.735829197417,A,84.49239349365234,83.86386108398438,82.38794631958008,76.99060554504395,75.12408401489257,77.76442359924316,74.5370557975769
2020-11-18,59.12661190075693,A,84.0750732421875,83.96095123291016,82.74734420776367,77.66468811035156,75.2658171081543,77.78223457336426,74.55752851486206
2020-11-19,58.16931825165441,A,84.8841323852539,84.31353454589843,83.25663146972656,78.31875648498536,75.4570034790039,77.81029418945313,74.59202459335327
2020-11-20,57.53400616269541,A,85.88057708740234,84.62013092041016,83.93710250854492,79.02136917114258,75.6672787475586,77.84831825256347,74.6368190574646
2020-11-23,58.05209670866858,A,87.02176666259766,85.27078857421876,84.53836669921876,79.79892616271972,75.88710205078125,77.89667510986328,74.68731946945191
2020-11-24,59.0068926568761,A,88.5377197265625,86.07985382080078,84.97185745239258,80.70380592346191,76.13018676757812,77.95736915588378,74.74719896316529
2020-11-25,61.09646073180435,A,88.74211883544922,87.01326293945313,85.48710708618164,81.71343879699707,76.39634857177734,78.02068832397461,74.80593317031861
2020-11-26,62.57485523098345,A,88.74211883544922,87.78486022949218,86.04919738769532,82.71540641784668,76.6650308227539,78.09513061523438,74.86429925918578
2020-11-27,63.366201850346975,A,89.32977294921875,88.47469940185547,86.54741516113282,83.55811614990235,76.93739990234376,78.18466316223144,74.92261846542358
2020-11-30,63.40980505872807,A,89.06575775146484,88.88349761962891,87.07714309692383,84.25349044799805,77.2216293334961,78.26300575256347,74.98706026077271
2020-12-01,62.72434269583803,A,88.60587310791016,88.89712829589844,87.48849105834961,84.93821868896484,77.50489486694336,78.31834907531739,75.0653966331482
2020-12-02,61.62528824892525,A,89.41492462158203,89.031689453125,88.02247619628906,85.38491020202636,77.82887573242188,78.3682553100586,75.150927028656
2020-12-03,60.59690677601822,A,89.20201110839844,89.12366790771485,88.45426406860352,85.85544776916504,78.16926727294921,78.42073776245117,75.2476202583313
2020-12-04,60.661298316632745,A,91.3652114868164,89.53075561523437,89.00272750854492,86.46991500854492,78.5475456237793,78.48720626831054,75.3539435005188
2020-12-07,60.201717512447054,A,90.1388168334961,89.74536743164063,89.31443252563477,86.92639961242676,78.88365173339844,78.55224952697753,75.4419483757019
2020-12-08,60.65371858632479,A,91.71438598632812,90.36707000732422,89.63209915161133,87.30197830200196,79.25782287597656,78.65102897644043,75.54241121292114
2020-12-09,61.23998111433128,A,92.54901123046876,90.99388732910157,90.01278839111328,87.74994773864746,79.636923828125,78.75563423156738,75.6299535560608
2020-12-10,61.43484559620316,A,91.54405975341795,91.46229705810546,90.29298248291016,88.17108993530273,80.00348739624023,78.84741706848145,75.71713308334351
2020-12-11,60.06823015404017,A,90.56465911865234,91.30218658447265,90.41647109985351,88.48194313049316,80.36760299682618,78.93713592529296,75.8067356300354
2020-12-14,59.02775915557269,A,88.74211883544922,91.02284698486328,90.38410720825195,88.73062515258789,80.66485244750976,79.00820938110351,75.90174280166626
2020-12-15,56.75512263313359,A,87.56684112548828,90.1933380126953,90.28020401000977,88.88434753417968,80.97287658691407,79.07131088256835,75.98163156509399
2020-12-16,54.92390195006209,A,89.11686706542969,89.5069091796875,90.25039825439453,89.1364372253418,81.29207244873047,79.14739189147949,76.08023008346558
2020-12-17,53.85487720711077,P,89.32977294921875,89.06405181884766,90.26317443847657,89.35871925354004,81.61098937988281,79.23375190734863,76.20541093826294
2020-12-18,53.02561187217474,P,88.95502471923828,88.74212493896485,90.02215576171875,89.51244163513184,81.91636169433593,79.32585899353028,76.30107362747192
2020-12-21,53.04515427125866,P,88.32482147216797,88.65866546630859,89.84075622558593,89.57759437561035,82.1987110900879,79.40300979614258,76.43897771835327
2020-12-22,53.44358969510996,P,87.54979705810547,88.65525665283204,89.42429733276367,89.5281982421875,82.47379455566406,79.48627403259277,76.57811853408813
2020-12-23,53.280414017458334,P,87.95858001708984,88.42359924316406,88.96525421142579,89.48902130126953,82.76693267822266,79.5823641204834,76.72744106292724
2020-12-24,52.82808058073639,P,87.94156646728516,88.14595794677734,88.6050048828125,89.44899368286133,83.0740380859375,79.68399757385254,76.87655590057373
2020-12-25,53.01627550354872,P,87.94156646728516,87.94326629638672,88.34269561767579,89.37958335876465,83.3634294128418,79.78269020080566,77.03483095169068
2020-12-28,53.52748489866709,P,88.10337829589844,87.89897766113282,88.2788215637207,89.33146438598632,83.6894416809082,79.88753814697266,77.21158130645752
2020-12-29,55.02772079921932,P,89.1679458618164,88.222607421875,88.43893203735351,89.35956802368165,84.03776763916015,80.00059532165527,77.381427192688
2020-12-30,56.42110572252037,P,89.65337371826172,88.56156616210937,88.49258270263672,89.37149047851562,84.4189666748047,80.09464454650879,77.55198263168334
2020-12-31,58.18677185716965,A,91.25450134277344,89.22415313720703,88.68505554199218,89.47411499023437,84.80800140380859,80.2116788482666,77.70633441925048
2021-01-01,59.72751199634658,A,91.25450134277344,89.8867401123047,88.91500320434571,89.46857948303223,85.1965249633789,80.32543632507324,77.8654299545288
2021-01-04,60.008646263096985,A,89.77262115478516,90.22058868408203,89.05978317260742,89.45026969909668,85.56256484985352,80.41362030029296,78.00660633087158
2021-01-05,59.92791464700502,A,90.70092010498048,90.52718353271484,89.37489547729493,89.3995964050293,85.96778076171876,80.5169687652588,78.14853931427002
2021-01-06,59.601920883470704,A,89.91740417480469,90.57998962402344,89.5707778930664,89.2680160522461,86.39513961791992,80.608701171875,78.29788234710693
2021-01-07,59.0402403845049,A,90.8797836303711,90.50504608154297,89.864599609375,89.23480224609375,86.83867996215821,80.71761917114257,78.44504438400268
2021-01-08,58.74251942061226,A,91.356689453125,90.52548370361328,90.20611190795898,89.27440376281739,87.2163021850586,80.83416297912598,78.60178825378418
2021-01-11,59.888467914526764,A,92.84709167480467,91.14037780761718,90.68048324584962,89.47965240478516,87.57007858276367,80.9685514831543,78.75633317947387
2021-01-12,60.94096672133637,A,93.49432373046876,91.69905853271484,91.11312103271484,89.77602653503418,87.94173889160156,81.11319343566895,78.91550464630127
2021-01-13,62.906340643544105,A,95.76824951171876,92.86922760009766,91.72460861206055,90.10859565734863,88.24748199462891,81.27813789367676,79.07308242797852
2021-01-14,64.48354168615371,A,96.18182373046876,93.92963562011718,92.21734085083008,90.45119819641113,88.57529327392578,81.4476382446289,79.22786167144776
2021-01-15,65.47663971910475,A,95.22542572021484,94.70338287353516,92.61443328857423,90.76471824645996,88.8982844543457,81.6086668395996,79.37785892486572
2021-01-18,65.48400370573187,A,95.22542572021484,95.17904968261719,93.1597137451172,91.1097484588623,89.1826104736328,81.75625228881836,79.52560695648194
2021-01-19,65.68455670000134,A,96.65570831298828,95.81132659912109,93.75519256591798,91.56504402160644,89.4316683959961,81.94779983520507,79.66801376342774
2021-01-20,65.21381808888927,A,97.03482818603516,96.06464233398438,94.46693496704103,92.01885643005372,89.70057250976562,82.12877090454101,79.81360275268554
2021-01-21,64.27967628092696,A,95.8630142211914,96.00088043212891,94.96525802612305,92.41492881774903,89.95540847778321,82.31550033569336,79.95316669464111
2021-01-22,63.583058650215285,A,95.51837921142578,96.0594711303711,95.38142700195314,92.79376945495605,90.17882415771484,82.49878341674804,80.08440826416016
2021-01-25,62.781826197405756,A,95.2082061767578,96.05602722167968,95.61753845214844,93.14901084899903,90.40761871337891,82.67896476745605,80.21185779571533
2021-01-26,60.72459911825362,A,93.7434539794922,95.47357635498047,95.6424514770508,93.3777862548828,90.5926399230957,82.85836196899415,80.34704948425293
2021-01-27,56.04282077520303,A,88.56517028808594,93.77964477539062,94.9221435546875,93.32337608337403,90.68244186401367,82.97412948608398,80.45174278259277
2021-01-28,52.50931458324221,P,89.78865051269531,92.56477203369141,94.28282623291015,93.25008354187011,90.7805322265625,83.11876785278321,80.56018783569336
2021-01-29,48.5285733161795,P,88.29806518554688,91.12070922851562,93.59009017944337,93.10226173400879,90.8288819885254,83.248080368042,80.65474681854248
2021-02-01,44.80075382953387,P,88.14298248291016,89.7076644897461,92.8818458557129,93.02077980041504,90.85130630493164,83.36920417785645,80.74396492004395
2021-02-02,42.35599797851308,P,89.15105438232422,88.7891845703125,92.13138046264649,92.94328651428222,90.86357299804688,83.4968798828125,80.8462336730957
2021-02-03,44.74834044108626,P,92.14947509765624,89.50604553222657,91.6428451538086,93.05489006042481,90.93172012329102,83.66403434753418,80.95934413909912
2021-02-04,47.12921892475672,P,93.51081848144533,90.25047912597657,91.40762557983399,93.18644180297852,91.02709411621093,83.84606246948242,81.08573593139648
2021-02-05,50.36117472711877,A,93.6831512451172,91.32749633789062,91.22410278320312,93.30276489257812,91.11416168212891,84.02578079223633,81.21033313751221
2021-02-08,52.912328216485925,A,92.05470275878906,92.1098403930664,90.90875244140625,93.26314544677734,91.17394058227539,84.19778495788574,81.33085552215576
2021-02-09,54.37985394924076,A,90.81398010253906,92.44242553710937,90.61580505371094,93.12912826538086,91.21810272216797,84.36149879455566,81.43060646057128
2021-02-10,53.162368709128565,P,89.65079498291016,91.94268951416015,90.72436752319337,92.82325553894043,91.22282012939453,84.5258479309082,81.52433387756348
2021-02-11,51.02714647018638,P,89.3923110961914,91.11898803710938,90.68473358154297,92.48377990722656,91.22662612915039,84.6979467010498,81.6217493057251
2021-02-12,49.030262386611916,P,89.9868392944336,90.37972564697266,90.85361099243164,92.2218505859375,91.19905868530273,84.87330215454102,81.72321655273437
2021-02-15,47.89567465429476,P,89.9868392944336,89.96615295410156,91.03799667358399,91.95992126464844,91.19601913452148,85.03983543395996,81.80833118438721
2021-02-16,47.146566132752895,P,89.78003692626953,89.75936431884766,91.10089492797852,91.6161376953125,91.15733215332031,85.20757751464843,81.88178676605224
2021-02-17,47.608327209831394,P,91.58081817626952,90.14536895751954,91.04402923583984,91.34343719482422,91.13796829223632,85.38744606018066,81.97084541320801
2021-02-18,48.37248831504741,P,91.38264465332033,90.5434356689453,90.83121185302734,91.11941871643066,91.13473999023438,85.5691136932373,82.0544722366333
2021-02-19,48.365587854548075,P,90.47795104980467,90.64165802001953,90.5106918334961,90.86739730834961,91.13300582885742,85.7503044128418,82.13037986755371
2021-02-22,49.21716694180921,P,92.2442398071289,91.0931381225586,90.52964553833007,90.71919898986816,91.20304824829101,85.93395034790039,82.21196464538575
2021-02-23,50.463835381383944,P,91.56358337402344,91.44984741210938,90.60460586547852,90.61020545959472,91.28298309326172,86.12792984008789,82.29126667022705
2021-02-24,52.176163821978776,P,93.64866638183594,91.86341705322266,91.0043930053711,90.86438026428223,91.37361907958984,86.33284576416015,82.38103569030761
2021-02-25,53.30089517619882,A,92.47689056396484,92.08226623535157,91.31285095214844,90.9987922668457,91.43656143188477,86.52377540588378,82.45735065460205
2021-02-26,55.22299839592987,A,92.83013916015624,92.55270385742188,91.5971809387207,91.22539596557617,91.51406372070312,86.71521270751953,82.53925006866456
2021-03-01,56.18469984055008,A,93.40743255615234,92.78534240722657,91.93924026489258,91.48861846923828,91.6157159423828,86.90721351623534,82.62403594970704
2021-03-02,56.96394557344099,A,92.9249267578125,93.05761108398437,92.25372924804688,91.6773120880127,91.72321853637695,87.0985065460205,82.71217845916748
2021-03-03,55.52360686540541,A,91.94270324707033,92.71641845703125,92.28991775512695,91.6669734954834,91.80290100097656,87.2849168395996,82.79843971252441
2021-03-04,54.42924777180491,A,91.02938079833984,92.42691650390626,92.25459136962891,91.54290161132812,91.86465728759765,87.46934768676758,82.87992668151855
2021-03-05,53.27430130196143,A,91.93407440185548,92.2477035522461,92.40020370483398,91.45544776916503,91.94450744628907,87.65396842956542,82.95498023986816
2021-03-08,51.83978605699482,P,91.42572021484376,91.85136108398439,92.31835174560547,91.42399864196777,92.01095428466797,87.85019798278809,83.03566825866699
2021-03-09,50.9143663936672,P,92.0116195678711,91.6686996459961,92.36315536499023,91.48388061523437,92.06782775878906,88.05279769897462,83.11787460327149
2021-03-10,51.63304406452368,P,93.05416870117188,91.89099273681641,92.30370559692383,91.65404930114747,92.13584365844727,88.27740516662598,83.20591625213623
2021-03-11,52.666513197865015,A,92.94215393066406,92.27354736328127,92.35023193359375,91.8315414428711,92.16959671020508,88.48879905700683,83.28447448730469
2021-03-12,53.28461756037535,A,93.24372863769533,92.53547821044921,92.39159088134765,91.99438591003418,92.20938125610351,88.70295310974122,83.36117874145508
2021-03-15,55.02290100718509,A,95.0014190673828,93.25061798095703,92.55098953247071,92.24511489868163,92.31395721435547,88.93826103210449,83.44360019683837
2021-03-16,56.482640153085335,A,95.50112915039062,93.94851989746094,92.80860977172851,92.53116950988769,92.40996139526368,89.18887107849122,83.52196258544922
2021-03-17,55.073047648944566,A,90.50379943847656,93.43844604492188,92.66471939086914,92.47731857299804,92.42168930053711,89.40841445922851,83.5723084640503
2021-03-18,53.37473858325102,A,89.4095458984375,92.73192443847657,92.5027359008789,92.3786636352539,92.39228454589843,89.61548225402832,83.63644092559815
2021-03-19,51.379786120566884,P,89.10797882080078,91.90477447509765,92.22012634277344,92.3101650238037,92.34731033325195,89.78180625915527,83.69823539733886
2021-03-22,48.92904643741307,P,91.2447738647461,91.15344543457032,92.20203170776367,92.26019172668457,92.31526397705078,89.94267127990723,83.76814071655274
2021-03-23,45.712769305451296,P,90.33146667480467,90.11951293945313,92.03401641845703,92.19858589172364,92.2520068359375,90.09687286376953,83.8211113357544
2021-03-24,44.22810542635403,P,88.79779052734375,89.77831115722657,91.60837860107422,91.95604209899902,92.11259765625,90.18003982543945,83.86774169921875
2021-03-25,43.59112929436095,P,89.50432586669922,89.79726715087891,91.26459579467773,91.80741386413574,91.97904769897461,90.27717048645019,83.91587093353272
2021-03-26,44.221153541070386,P,91.31370544433594,90.23841247558593,91.0715934753418,91.73159217834473,91.90081329345703,90.39954887390137,83.97105503082275
2021-03-29,44.09762446388728,P,91.95993041992188,90.38144378662109,90.7674446105957,91.6592170715332,91.83550338745117,90.50905693054199,84.02714599609375
2021-03-30,44.50736380220576,P,92.0116195678711,90.71747436523438,90.41849365234376,91.61355171203613,91.74262161254883,90.58714500427246,84.08332946777344
2021-03-31,46.97319381140105,P,93.24372863769533,91.60666198730469,90.69248657226562,91.67860298156738,91.66679962158203,90.68368606567383,84.15467971801758
2021-04-01,49.09836556871917,P,93.50221252441406,92.40623931884765,91.10175323486328,91.8022445678711,91.61958358764649,90.78749603271484,84.21964424133301
2021-04-02,50.05483257349906,A,93.50221252441406,92.84394073486328,91.5411766052246,91.88065147399902,91.57926025390626,90.87904220581055,84.288178024292
2021-04-05,50.17108703174474,A,91.45158386230467,92.74227142333984,91.56185760498047,91.88194465637207,91.50412780761718,90.95587326049805,84.34517204284668
2021-04-06,50.10150120625619,A,90.79673767089844,92.49929504394531,91.60838470458984,91.82120056152344,91.44519348144532,91.0189167022705,84.39167015075684
2021-04-07,48.70402484595852,A,90.6502685546875,91.98060302734375,91.79363250732422,91.70100555419921,91.48689544677734,91.0846686553955,84.43345161437988
2021-04-08,47.237602357191975,P,91.41709899902344,91.56358032226562,91.98490982055664,91.62475280761718,91.51946441650391,91.1499983215332,84.48014625549317
2021-04-09,46.46141128414818,P,92.6578140258789,91.39470062255859,92.11932067871093,91.59545707702637,91.60665939331055,91.21777069091797,84.53304447174072
2021-04-12,47.16869661094204,P,93.2695770263672,91.7582992553711,92.25028533935547,91.50886497497558,91.70919128417968,91.28024879455566,84.58846195220947
2021-04-13,48.04523782110254,P,93.24372863769533,92.24769744873046,92.3734962463379,91.39599494934082,91.79104476928711,91.32730888366699,84.64233901977539
2021-04-14,48.5247454250727,A,92.35419464111328,92.58848266601562,92.28454284667968,91.48851470947265,91.79513916015625,91.36342964172363,84.69205898284912
2021-04-15,49.16143641116586,A,93.21755981445312,92.94857482910156,92.25607757568359,91.67891540527344,91.78927398681641,91.40818405151367,84.75165733337403
2021-04-16,49.66086308016967,A,94.1070785522461,93.238427734375,92.31656417846679,91.9288703918457,91.79775253295898,91.45595710754395,84.82031013488769
2021-04-19,50.14680537909863,A,94.71755981445312,93.52802429199218,92.64316177368164,92.10250968933106,91.85100967407226,91.51247512817383,84.88774044036865
2021-04-20,51.050878098866825,A,95.0838394165039,93.8960464477539,93.07187194824219,92.34012832641602,91.93640686035157,91.57725479125976,84.94780193328857
2021-04-21,53.180140920691905,A,96.62743377685548,94.75069427490234,93.66958847045899,92.7316104888916,92.07593963623047,91.6493798828125,85.00881759643555
2021-04-22,54.48744113954962,A,95.97335815429688,95.30185394287109,94.12521438598633,93.05506210327148,92.20756057739258,91.71709335327148,85.06891555786133
2021-04-23,55.520173092197204,A,97.13323974609376,95.90708618164062,94.57275695800782,93.34603881835938,92.35048858642578,91.77477363586426,85.1309899520874
2021-04-26,56.1522746303256,A,97.14195251464844,96.39196472167968,94.95999450683594,93.6051399230957,92.49359085083007,91.84480499267578,85.19852725982666
2021-04-27,56.443243041188786,A,97.18556213378906,96.81230926513672,95.35417785644532,93.8638370513916,92.64170135498047,91.8995167541504,85.2752728652954
2021-04-28,55.632096798972405,A,97.61287689208984,97.0093978881836,95.88004608154297,94.08229446411133,92.76234252929687,91.9501554107666,85.352894821167
2021-04-29,54.94291792451423,A,96.7059097290039,97.155908203125,96.22888107299805,94.24247932434082,92.86880783081055,92.00177391052246,85.42459548950195
2021-04-30,54.38274556354268,A,97.23787689208984,97.17683563232421,96.54196090698242,94.42926254272462,93.00400634765624,92.06850608825684,85.50282100677491
2021-05-03,55.25648880427362,A,100.01111602783205,97.75066833496095,97.07131652832031,94.85723915100098,93.15934387207031,92.18119606018067,85.59470272064209
2021-05-04,55.949008565536765,A,99.3309097290039,98.1797378540039,97.49602355957032,95.28394775390626,93.31469039916992,92.29883674621583,85.68507381439208
2021-05-05,57.159714683423736,A,100.97042083740234,98.8512466430664,97.930322265625,95.799955368042,93.46112548828125,92.41737228393555,85.78238208770752
2021-05-06,59.09487497829307,A,101.23204803466795,99.75647430419922,98.45619125366211,96.29070281982422,93.63622863769531,92.53639503479003,85.88507347106933
2021-05-07,60.53389461367352,A,100.94426727294922,100.4977523803711,98.83729400634766,96.70502548217773,93.79851119995118,92.65628746032715,85.9910732269287
2021-05-10,60.35249733905304,A,101.3541488647461,100.7663589477539,99.25851364135742,97.10925407409668,93.95744552612305,92.78658073425294,86.09479526519776
2021-05-11,60.049250795283236,A,100.19426727294922,100.93903045654297,99.55938415527343,97.45678100585937,94.10283233642578,92.91302543640137,86.19964973449707
2021-05-12,59.2914681486722,A,100.25531768798828,100.79600982666015,99.82362823486328,97.85183715820312,94.26908462524415,93.03599281311035,86.30917846679688
2021-05-13,58.90691222757254,A,101.68553161621094,100.88670654296875,100.32159042358398,98.27523574829101,94.48220764160156,93.17343246459961,86.42871501922608
2021-05-14,58.6962414098939,A,101.53728485107422,101.00531005859375,100.75153121948242,98.64674606323243,94.67427185058594,93.3093896484375,86.54603992462158
2021-05-17,58.60423154081545,A,101.93844604492188,101.1221694946289,100.9442642211914,99.00779037475586,94.8845263671875,93.44774032592774,86.6676392364502
2021-05-18,59.07550121905058,A,102.21751403808594,101.52681884765624,101.23292465209961,99.36447410583496,95.08864425659179,93.57823600769044,86.78941566467284
2021-05-19,58.64696684198981,A,101.03146362304688,101.68204803466797,101.23902893066406,99.58467559814453,95.24819015502929,93.69201690673827,86.89333072662353
2021-05-20,57.79654968837582,A,102.13031768798828,101.77100524902343,101.3288558959961,99.8925235748291,95.43195343017578,93.80077507019043,87.00622695922851
2021-05-21,56.69601332092332,A,101.26693725585938,101.71693572998046,101.3611228942871,100.09920845031738,95.59241760253906,93.90089942932129,87.11316787719727
2021-05-24,55.50656477567312,A,101.08380126953124,101.54600677490234,101.33408813476562,100.29630088806152,95.71406524658204,94.01401123046875,87.21381576538086
2021-05-25,53.57288917362149,A,99.9064712524414,101.08379821777343,101.30530853271485,100.43234634399414,95.80217208862305,94.10606674194337,87.31151775360108
2021-05-26,53.11403538889184,A,100.028564453125,100.88321838378906,101.28263320922852,100.55313072204589,95.99266738891602,94.20717834472656,87.40793975830078
2021-05-27,51.24280769828931,P,97.95299530029295,100.04775390625,100.90937957763671,100.61548500061035,96.16353637695312,94.27791046142578,87.49776481628417
2021-05-28,50.2821372127697,P,98.72042846679688,99.5384521484375,100.62769393920898,100.6896125793457,96.35578536987305,94.3515478515625,87.59285541534423
2021-05-31,49.17808341368743,P,98.72042846679688,99.06577758789062,100.30589218139649,100.62507820129393,96.50529846191407,94.41028121948243,87.68941635131836
2021-06-01,48.40857159546035,P,97.85706329345705,98.65589599609375,99.86984710693359,100.55138587951659,96.65581039428712,94.45390861511231,87.78355102539062
2021-06-02,46.80107946990696,P,97.15068817138672,98.0803207397461,99.48176956176758,100.3603992462158,96.82286834716797,94.46773300170898,87.87293544769287
2021-06-03,46.73854244024748,P,97.85706329345705,98.0611343383789,99.05444412231445,100.19165000915527,96.98992309570312,94.48448539733887,87.96606182098388
2021-06-04,46.236930465408335,P,97.98788452148438,97.91462554931641,98.72653884887696,100.04383087158203,97.1234066772461,94.51210998535156,88.06038841247559
2021-06-07,46.290807900535505,P,98.55474853515624,97.88148956298828,98.47363357543945,99.90386085510254,97.25530303955078,94.54540321350098,88.15082775115967
2021-06-08,46.62855611993456,P,97.9704360961914,97.90416412353515,98.28003005981445,99.79266929626465,97.37447937011719,94.55855049133301,88.25317516326905
2021-06-09,47.93292202282078,P,99.41809844970705,98.35764617919922,98.21898345947265,99.75080833435058,97.49796676635742,94.58238319396973,88.35557704925537
2021-06-10,49.809385747310756,P,101.37156677246094,99.060546875,98.56084060668945,99.73511009216308,97.65535385131835,94.63746871948243,88.47648452758789
2021-06-11,51.28068259245055,A,100.65646362304688,99.5942626953125,98.75444412231445,99.69106903076172,97.79843887329102,94.68884956359864,88.59381649017334
2021-06-14,52.601990900238015,A,100.63902282714844,100.01111755371093,98.94630355834961,99.62609786987305,97.9821876525879,94.74315773010254,88.7110612487793
2021-06-15,54.27728950699531,A,101.01402282714844,100.61983489990234,99.26199951171876,99.56592330932617,98.1865333557129,94.8158634185791,88.83711269378662
2021-06-16,55.380824341916345,A,100.75241088867188,100.8866973876953,99.62217178344727,99.55197067260742,98.38857620239258,94.93773582458496,88.95593265533448
2021-06-17,54.7834421318401,A,100.2029800415039,100.65298004150391,99.85676345825195,99.4556037902832,98.56429382324218,95.04187911987304,89.08032348632813
2021-06-18,54.02352656139062,A,98.65066528320312,100.25182037353515,99.92304153442383,99.3247901916504,98.68415084838867,95.1454051208496,89.1967427444458
2021-06-21,53.80079428608925,A,100.05474853515624,100.13496551513671,100.07304153442382,99.27333755493164,98.81985427856445,95.26452278137207,89.31686347961426
2021-06-22,53.13952828508934,P,100.028564453125,99.93787384033203,100.27885437011719,99.27944221496583,98.95555099487305,95.37329788208008,89.4350888824463
2021-06-23,52.00990656912659,P,99.41809844970705,99.67101135253907,100.27885437011719,99.24891891479493,99.09682907104492,95.44598411560058,89.55500923156738
2021-06-24,51.81792727287296,P,100.06344604492188,99.64310455322266,100.14804229736328,99.35444145202636,99.2337467956543,95.51151039123535,89.67878643035888
2021-06-25,51.643730244218034,A,98.52857971191406,99.61868743896484,99.93525390625,99.34484901428223,99.32217681884765,95.55996467590332,89.79287273406982
2021-06-28,50.81029800285245,P,98.5460205078125,99.31694183349609,99.7259536743164,99.33612861633301,99.39874603271484,95.62487785339356,89.91133140563964
2021-06-29,49.749715409017504,P,97.935546875,98.8983383178711,99.41810607910156,99.34005279541016,99.45578018188476,95.69609352111816,90.02879615783691
2021-06-30,49.44461429218214,P,98.23207092285156,98.6611328125,99.16607208251953,99.3941219329834,99.48787292480469,95.78190628051757,90.1538771057129
2021-07-01,49.548840010165975,P,99.64485931396484,98.5774154663086,99.11026000976562,99.48351173400879,99.56130294799804,95.88443176269531,90.29118923187256
2021-07-02,50.81535134301964,P,100.43844604492188,98.95938873291016,99.2890380859375,99.60603981018066,99.62740707397461,95.98894783020019,90.4311249923706
2021-07-05,51.972679017806286,A,100.43844604492188,99.33787384033204,99.32740783691406,99.70022468566894,99.69333694458008,96.09346389770508,90.56664966583251
2021-07-06,53.69942492847505,A,100.92683410644533,99.9361312866211,99.4172348022461,99.84804458618166,99.7681623840332,96.20493186950684,90.70625469207764
2021-07-07,55.30138144476343,A,101.81635284423828,100.65298767089844,99.65706024169921,99.9679573059082,99.85223190307617,96.30728721618652,90.84736663818359
2021-07-08,55.76395476493173,A,101.46751403808594,101.01751861572265,99.79746704101562,99.97275466918946,99.94746398925781,96.40813591003418,90.98862480163574
2021-07-09,55.84004633447396,A,101.66810607910156,101.2634506225586,100.11141967773438,100.0233367919922,100.03606857299805,96.52003746032715,91.13517093658447
2021-07-12,56.27063553011391,A,102.5837860107422,101.69251861572266,100.51519622802735,100.12057495117188,100.08752197265625,96.62343292236328,91.27869163513184
2021-07-13,56.5366833530173,A,102.82797241210938,102.07274627685547,101.00443878173829,100.21127243041992,100.15746322631836,96.73607681274414,91.43200332641601
2021-07-14,56.56319812319371,A,103.48933410644533,102.40734252929687,101.53016510009766,100.34811859130859,100.20784149169921,96.83448348999023,91.5836646270752
2021-07-15,56.99080181699521,A,103.33060455322266,102.77996063232422,101.89873962402345,100.50449981689454,100.24981262207031,96.94302062988281,91.7333980178833
2021-07-16,57.310739684499254,A,103.61279296875,103.16889801025391,102.21617431640627,100.75260620117187,100.30318313598633,97.05084716796875,91.88302993774414
2021-07-19,56.36442862096083,A,101.7786102294922,103.0078628540039,102.35019073486329,100.83879928588868,100.31167236328125,97.13455894470215,92.02088623046875
2021-07-20,55.47926494044571,A,102.33416748046876,102.90910186767579,102.49092407226563,100.95407943725587,100.35447036743165,97.2286513519287,92.1635789489746
2021-07-21,54.94313624050165,A,103.16305541992188,102.84384613037109,102.62559432983399,101.14132728576661,100.41262512207031,97.34085487365722,92.31288585662841
2021-07-22,54.72225924521135,A,103.64806365966795,102.90733795166015,102.8436492919922,101.3205581665039,100.45187576293945,97.4670417022705,92.46819469451904
2021-07-23,54.62742654924546,A,104.2212371826172,103.02902679443359,103.09896240234374,101.60519104003906,100.50555480957031,97.58991333007812,92.62194087982178
2021-07-26,55.73329556413546,A,103.8685073852539,103.44700622558594,103.22743453979493,101.87131538391114,100.54415603637695,97.71434120178223,92.78226959228516
2021-07-27,56.544094050398705,A,104.01842498779295,103.78385772705079,103.34647979736329,102.17545928955079,100.58017425537109,97.83440925598144,92.94360347747802
2021-07-28,57.15145569256273,A,104.5386962890625,104.05898590087891,103.451416015625,102.49079055786133,100.6503189086914,97.94925453186035,93.11332984924316
2021-07-29,57.40722027350861,A,104.82087707519533,104.29354858398438,103.60044326782227,102.74959144592285,100.70413009643555,98.06804176330566,93.27842041015624
2021-07-30,56.2423964796472,A,102.55460357666016,103.96022186279296,103.49462432861328,102.85539932250977,100.72988342285156,98.16115051269531,93.43205181121826
2021-08-02,54.85719618219505,A,101.8050765991211,103.5475357055664,103.49727096557618,102.92373085021973,100.74430892944336,98.2291870880127,93.5837240600586
2021-08-03,53.78457195893009,A,102.51052856445312,103.24595642089844,103.51490707397461,103.00291557312012,100.79639007568359,98.29928108215331,93.74407608032226
2021-08-04,52.20268409975744,P,101.47881317138672,102.63397979736328,103.34648284912109,102.98603858947754,100.82539505004883,98.40903121948242,93.90872283935546
2021-08-05,50.863118450991685,P,101.51408386230467,101.97262115478516,103.13308486938476,102.98836708068848,100.89661682128906,98.53007659912109,94.07277942657471
2021-08-06,50.48587778457335,P,100.92327117919922,101.64635467529297,102.80328826904297,102.95112533569336,100.94067367553711,98.64822952270508,94.21501789093017
2021-08-09,49.981232407392945,P,100.57936096191406,101.40121154785156,102.47437362670898,102.85090408325195,100.97785232543946,98.74157539367675,94.34212333679199
2021-08-10,49.456603785061894,P,101.2495346069336,101.14901275634766,102.19748458862304,102.77198219299316,101.04570175170899,98.85075607299805,94.4738144683838
2021-08-11,48.83043411802485,P,100.27954864501952,100.90915985107421,101.77156982421874,102.61149291992187,101.10827896118164,98.9655736541748,94.57280673980713
2021-08-12,48.80229962945966,P,101.97261810302734,101.00086669921875,101.48674392700195,102.54359359741211,101.19059005737304,99.09025657653808,94.68371353149413
2021-08-13,49.54888068694013,P,102.71334075927734,101.35888061523437,101.50261764526367,102.49862098693848,101.2850991821289,99.2042529296875,94.80190090179444
2021-08-16,51.48407577547729,P,104.41522979736328,102.12605438232421,101.7636329650879,102.63045196533203,101.40230880737305,99.32880592346191,94.91893142700195
2021-08-17,53.34909248557393,A,105.51748657226562,102.97964477539062,102.06432876586913,102.78961791992188,101.55324981689454,99.46386459350586,95.02550479888916
2021-08-18,54.84808249229929,A,103.4276123046875,103.60925750732422,102.25920867919922,102.80284576416015,101.63344009399414,99.56570343017579,95.1246947479248
2021-08-19,55.52259910730473,A,103.99195098876952,104.01312408447265,102.5069953918457,102.82004013061524,101.68584777832031,99.67060081481934,95.2290484237671
2021-08-20,55.886644923842624,A,104.77677917480467,104.42581176757812,102.89234619140625,102.8478172302246,101.76825408935547,99.78334648132324,95.33119434356689
2021-08-23,55.49901595131064,A,105.25293731689452,104.59335327148438,103.3597038269043,102.91703872680664,101.86053237915038,99.92136001586914,95.43861663818359
2021-08-24,54.78848292849248,A,105.5351333618164,104.59688262939453,103.78826370239258,102.99287414550781,101.95095458984375,100.06874397277832,95.54383033752441
2021-08-25,55.632485966327486,A,106.17002868652344,105.14536590576172,104.37731170654297,103.07444076538086,102.05930694580078,100.22394157409668,95.6543051147461
2021-08-26,56.287764040492625,A,106.17002868652344,105.5809814453125,104.79705276489258,103.14189834594727,102.17864791870117,100.37147087097168,95.76073459625245
2021-08-27,56.3377483414005,A,105.44696044921876,105.71501770019532,105.07041473388672,103.2865161895752,102.31457382202149,100.49936233520508,95.85856651306152
2021-08-30,56.3021597350953,A,106.3199462890625,105.92841949462891,105.26088638305664,103.51225967407227,102.43987777709961,100.62986602783204,95.95505741119385
2021-08-31,56.21317174632986,A,106.50513458251952,106.12241973876954,105.35965118408203,103.71198997497558,102.5694091796875,100.76248008728027,96.04489448547363
2021-09-01,52.310570286740585,A,99.00091552734376,104.6885971069336,104.91698150634765,103.58809509277344,102.56106552124024,100.82894729614257,96.09618846893311
2021-09-02,48.48291131714026,P,98.78045654296876,103.21068267822265,104.39583206176758,103.45141372680663,102.53540573120117,100.88457626342773,96.1463801574707
2021-09-03,44.92829972629861,P,98.427734375,101.80683746337891,103.76092758178712,103.32663688659667,102.53338882446289,100.92778282165527,96.1918699645996
2021-09-06,41.14575657777443,P,98.427734375,100.2283950805664,103.07840728759766,103.21905555725098,102.53102310180664,100.96488456726074,96.23867984771728
2021-09-07,36.433607944589674,P,96.14385986328124,98.15614013671875,102.13927993774413,102.96377182006836,102.49518936157227,100.97548477172852,96.27636978149414
2021-09-08,36.33200245541921,P,97.31666564941406,97.81929016113281,101.2539436340332,102.81562767028808,102.47688125610351,100.98237709045411,96.3158784866333
2021-09-09,35.084181294322924,P,94.59186553955078,96.98157196044922,100.09612731933593,102.44659004211425,102.37582138061524,100.96856216430665,96.34282775878906
2021-09-10,33.560070080942275,P,94.07158660888672,96.11034240722657,98.95858993530274,102.01450233459472,102.24848419189453,100.93794563293457,96.35635963439941
2021-09-13,32.34266133581081,B,94.77704620361328,95.38020477294921,97.8042999267578,101.53259315490723,102.13525619506837,100.91429656982422,96.37955078125
2021-09-14,31.955748843087964,B,93.89522552490234,94.93047790527343,96.54330902099609,100.95148010253907,101.9946240234375,100.88139320373536,96.39045497894287
2021-09-15,31.280138596170147,B,95.03276824951172,94.47369842529297,96.1464942932129,100.53173789978027,101.85895233154297,100.85559211730957,96.40287376403809
2021-09-16,32.56084015214767,B,95.30613708496094,94.616552734375,95.7990623474121,100.09744720458984,101.73572479248047,100.84159439086915,96.4216841506958
2021-09-17,34.10128705682948,B,94.99749755859376,94.8017349243164,95.45603866577149,99.6084831237793,101.60231262207031,100.81919059753417,96.4438483428955
2021-09-20,34.730159616377904,B,93.82469177246094,94.61126403808593,94.99573440551758,99.03707084655761,101.4271307373047,100.75732635498046,96.46926120758057
2021-09-21,36.33209223278842,B,94.48605346679688,94.72942962646485,94.82995376586913,98.48461685180663,101.26029235839843,100.7088777923584,96.50385726928711
2021-09-22,35.96289733630672,B,93.83351135253906,94.48957824707031,94.48163833618165,97.86779098510742,101.06717590332032,100.63750869750976,96.52744049072265
2021-09-23,35.62534410261337,B,94.67121124267578,94.36259307861329,94.48957290649415,97.29285011291503,100.89398803710938,100.57190032958984,96.55414768218994
2021-09-24,35.4234504956902,B,94.41548919677734,94.24619140625,94.5239631652832,96.74127655029297,100.71004196166992,100.50661254882813,96.58145000457763
2021-09-27,36.376195618603404,B,94.9886703491211,94.47898712158204,94.54512557983398,96.17471275329589,100.5742431640625,100.44295776367187,96.6147692489624
2021-09-28,36.51491248857178,B,94.65357971191406,94.51249237060547,94.62096099853515,95.58213500976562,100.4206314086914,100.38755088806153,96.65028816223145
2021-09-29,38.53630411278363,C,95.9762954711914,94.94104919433593,94.71531372070312,95.430904006958,100.2768962097168,100.34476066589356,96.69037673950196
2021-09-30,39.34601059492554,C,95.1209487915039,95.03099670410157,94.69679489135743,95.24792861938477,100.10635391235351,100.27911483764649,96.72627365112305
2021-10-01,40.666470617444965,C,96.1967544555664,95.38724975585937,94.81672058105468,95.13637962341309,99.9458642578125,100.2257095336914,96.76754959106445
2021-10-04,41.48845447571799,C,95.87931060791016,95.56537780761718,95.02218246459961,95.00895843505859,99.78608032226562,100.16511817932128,96.80642925262451
2021-10-05,42.83603889838512,C,96.56712341308594,95.94808654785156,95.23028945922852,95.03012161254883,99.63705429077149,100.10861427307128,96.84342514038086
2021-10-06,42.80989213159834,C,96.39958190917967,96.03274383544922,95.48689651489258,94.98426742553711,99.47427200317382,100.06229545593261,96.87715618133545
2021-10-07,44.12647340483992,C,97.7663803100586,96.56183013916015,95.79641342163086,95.1429931640625,99.33318206787109,100.01865608215331,96.90971557617188
2021-10-08,45.08613955898858,C,98.03974151611328,96.93042755126953,96.15883865356446,95.34140090942383,99.24288482666016,99.98638412475586,96.94364177703858
2021-10-11,45.855059980382514,C,97.29901123046876,97.21436767578125,96.38987274169922,95.46749916076661,99.1527635192871,99.94853622436523,96.98127372741699
2021-10-12,45.49119357541676,C,95.73821258544922,97.0485855102539,96.49833602905274,95.55964851379395,99.01731719970704,99.9068536376953,97.00646018981934
2021-10-13,45.273267938107175,C,95.70293426513672,96.90925598144531,96.47099990844727,95.5931568145752,98.90179962158203,99.86359733581543,97.035387840271
2021-10-14,44.92157167375649,C,97.2023468017578,96.79644927978515,96.67913970947265,95.68796730041504,98.8155648803711,99.85609085083007,97.06700065612793
2021-10-15,44.395920703100494,C,97.57720947265624,96.70394287109374,96.81718521118164,95.81695289611817,98.74864364624024,99.84465866088867,97.09810325622558
2021-10-18,43.585864443789944,C,95.88143920898438,96.42042846679688,96.81739807128906,95.91979026794434,98.65468521118164,99.81626876831055,97.11327499389648
2021-10-19,43.58030567965839,C,95.89930725097656,96.45264739990235,96.75061645507813,95.99045295715332,98.5476806640625,99.79669120788574,97.12529991149903
2021-10-20,44.165059904741405,C,96.75611114501952,96.6632827758789,96.78626937866211,96.13658294677734,98.4772119140625,99.79274543762207,97.13023921966553
2021-10-21,43.73453834322348,C,97.06847381591795,96.63650817871093,96.71647872924805,96.25644607543944,98.3791290283203,99.78485954284668,97.13467247009277
2021-10-22,43.36226490839687,B,97.40762329101562,96.60259094238282,96.65326690673828,96.40605278015136,98.27301467895508,99.779056930542,97.14558345794677
2021-10-25,43.463919952417854,C,96.83641815185548,96.79358673095703,96.60700759887695,96.49844017028808,98.12143844604492,99.76187362670899,97.15363842010498
2021-10-26,43.98028242532029,C,97.71998596191406,97.15772247314453,96.80518493652343,96.65176048278808,97.96548843383789,99.7593691253662,97.1589598083496
2021-10-27,43.41792064242841,C,96.74716186523438,97.1559326171875,96.9096076965332,96.69030380249022,97.83187942504883,99.73265975952148,97.1575214767456
2021-10-28,43.58058811831186,C,97.88065338134766,97.31836853027343,96.9774383544922,96.82828903198241,97.70965347290038,99.69775062561035,97.16760967254639
2021-10-29,45.51729065852094,C,102.3431625366211,98.30547637939453,97.45403366088867,97.13560943603514,97.66098114013671,99.71461761474609,97.20173358917236
2021-11-01,47.88411852726603,C,102.46810150146484,99.4318130493164,98.11269989013672,97.46504898071288,97.60528442382812,99.73290840148925,97.2380330657959
2021-11-02,50.3029242177955,A,104.0032196044922,100.68845977783204,98.92309112548828,97.8368537902832,97.57464614868164,99.76280036926269,97.2893318939209
2021-11-03,54.00537670186279,A,104.931396484375,102.32530670166015,99.74061965942383,98.26344451904296,97.54987350463867,99.80459022521973,97.37116302490234
2021-11-04,56.86544708159116,A,104.47623443603516,103.64442291259766,100.48139572143555,98.5989372253418,97.5159976196289,99.84732276916503,97.44460094451904
2021-11-05,57.40355317854724,A,104.58333587646484,104.0924575805664,101.19896697998047,98.92611694335938,97.49872512817383,99.90664947509765,97.52602729797363
2021-11-08,57.16416285843187,A,103.58372497558594,104.31558227539062,101.87369766235352,99.24035263061523,97.4440007019043,99.94193923950195,97.60323101043701
2021-11-09,55.96680645627225,A,103.18211364746094,104.15136108398437,102.4199104309082,99.61254768371582,97.37754028320313,99.97347473144531,97.6733863067627
2021-11-10,54.860297717103556,A,104.19955444335938,104.00499267578125,103.1651496887207,100.03737869262696,97.48151306152344,100.02128929138183,97.73363670349121
2021-11-11,53.99377895667413,A,104.09246826171876,103.92823944091796,103.78633117675781,100.381884765625,97.58775329589844,100.0615795135498,97.78654495239257
2021-11-12,53.30676038814059,A,104.39591217041016,103.89075469970703,103.99160614013672,100.72281990051269,97.70711685180665,100.12025283813476,97.84010875701904
2021-11-15,53.344191175670886,A,104.2798843383789,104.02998657226563,104.17278442382812,101.14274215698242,97.82415985107421,100.17759147644043,97.901234664917
2021-11-16,53.720325300806515,A,103.90503692626952,104.17457122802735,104.16296615600587,101.54302864074707,97.97938339233399,100.23728637695312,97.96668994903564
2021-11-17,53.38867688539981,A,104.73505401611328,104.28167114257812,104.1433319091797,101.94197578430176,98.12775115966797,100.30231620788574,98.04211124420166
2021-11-18,53.3640624475417,A,104.48517608642578,104.36021270751954,104.14422607421875,102.31281089782715,98.32561737060547,100.35071937561035,98.11757556915283
2021-11-19,53.17776952150121,A,103.74436950683594,104.22990417480469,104.06032943725586,102.62964820861816,98.51907302856445,100.3837786102295,98.18636322021484
2021-11-22,52.60890375801991,P,103.2177963256836,104.01748657226562,104.02373657226562,102.94871711730957,98.68788803100585,100.41157211303711,98.25251800537109
2021-11-23,53.48279911885903,A,106.1005859375,104.45659637451172,104.31558380126953,103.36774711608886,98.93199523925782,100.46330963134766,98.33412075042725
2021-11-24,53.91024129805597,A,105.90423583984376,104.69043273925782,104.48605194091797,103.82560081481934,99.14942459106446,100.50418846130371,98.40573783874511
2021-11-25,54.2821422745279,A,105.90423583984376,104.9742446899414,104.66722869873047,104.22677993774414,99.36138656616211,100.54855567932128,98.47834579467774
2021-11-26,53.996620262816926,A,103.9853515625,105.02244110107422,104.62617263793945,104.30888938903809,99.54114364624023,100.57172813415528,98.5458827972412
2021-11-29,54.011118981950695,A,104.3245086669922,105.24378356933593,104.63063507080078,104.40170974731446,99.75113998413086,100.58913536071778,98.60628414154053
2021-11-30,51.50378712296538,A,102.8875732421875,104.60118103027344,104.52888870239258,104.34592742919922,99.91917037963867,100.58973136901855,98.66290409088134
2021-12-01,49.450975686944844,P,103.44986724853516,104.11030731201171,104.40037002563477,104.27185096740723,100.11149749755859,100.58933670043945,98.71191009521485
2021-12-02,47.88950742159167,P,104.30665588378906,103.79079132080078,104.3825180053711,104.26337203979492,100.30420639038086,100.59909721374511,98.77105892181396
2021-12-03,48.55412120979599,P,106.07381439208984,104.20848388671875,104.61546249389649,104.33789596557617,100.5373728942871,100.62370742797852,98.83727729797363
2021-12-06,50.15615329411485,A,108.30506134033205,105.00459442138671,105.12418899536132,104.57396278381347,100.80370071411133,100.68897193908691,98.91176544189453
2021-12-07,52.92594669092296,A,108.44786834716795,106.11665344238281,105.35891723632812,104.83725051879883,101.07958648681641,100.7501089477539,98.98938014984131
2021-12-08,55.5839992615635,A,108.7691650390625,107.18051300048828,105.64541015625,105.06573104858398,101.33544387817383,100.80617004394531,99.07351245880128
2021-12-09,58.66008101013362,A,110.8040771484375,108.47999725341796,106.13539428710938,105.40131149291992,101.6491064453125,100.877730178833,99.17238594055176
2021-12-10,60.95597152183436,A,111.982177734375,109.661669921875,106.93507690429688,105.78062477111817,101.96481491088868,100.95533958435058,99.27262645721436
2021-12-13,62.26817135947085,A,112.9103775024414,110.58273315429688,107.7936637878418,106.21214942932129,102.3054362487793,101.04575828552247,99.38004974365235
2021-12-14,63.97098267946617,A,113.60652160644533,111.61446380615234,108.86555862426758,106.69722366333008,102.64622421264649,101.14163925170898,99.48802425384521
2021-12-15,66.7053243111542,A,116.23047637939452,113.10672607421876,110.14361953735352,107.27199478149414,103.04284210205078,101.2585570526123,99.60390579223633
2021-12-16,68.7609006901201,A,117.61384582519533,114.46867980957032,111.47433853149414,107.92842826843261,103.43979141235351,101.3864867401123,99.72726425170899
2021-12-17,69.34475649657172,A,115.60572052001952,115.19338836669922,112.4275291442871,108.5214958190918,103.79111099243164,101.51699790954589,99.8390742111206
2021-12-20,70.01746086081806,A,116.7927703857422,115.96986694335938,113.27630004882812,109.20024452209472,104.18098617553711,101.6668748474121,99.9480309677124
2021-12-21,69.61649526450789,A,115.98057556152344,116.444677734375,114.02957077026367,109.69424400329589,104.58583343505859,101.80157531738281,100.05042819976806
2021-12-22,68.95438741731921,A,117.8548355102539,116.76954956054688,114.93813781738281,110.29177398681641,105.02887145996094,101.96533554077149,100.18718338012695
2021-12-23,68.0781312765039,A,118.78302001953124,117.00338439941406,115.73603210449218,110.93571319580079,105.4604849243164,102.13802490234374,100.33405075073242
2021-12-24,68.65362110280022,A,118.78302001953124,117.6388442993164,116.4161163330078,111.67559661865235,105.8846011352539,102.31662239074707,100.48242595672608
2021-12-27,69.2745783849742,A,119.96112823486328,118.27251586914062,117.12119140625,112.45742759704589,106.36619491577149,102.51044006347657,100.62600772857667
2021-12-28,70.71485925209521,A,119.9433135986328,119.0650634765625,117.75487060546875,113.31021461486816,106.84707504272461,102.69737785339356,100.7740669631958
2021-12-29,71.32147401999897,A,120.80901336669922,119.65589904785156,118.21272430419921,114.17817192077636,107.3281330871582,102.90267250061035,100.93412307739258
2021-12-30,71.72406777728587,A,121.31774139404295,120.1628433227539,118.58311386108399,115.02872619628906,107.8131184387207,103.09612373352051,101.09319015502929
2021-12-31,71.53508564420795,A,120.84469604492188,120.57517852783204,119.10701141357421,115.76727027893067,108.28185989379882,103.27743728637695,101.24084510803223
2022-01-03,70.55700519593728,A,120.86256408691406,120.75546569824219,119.51399078369141,116.39514541625977,108.7623828125,103.44191062927246,101.38535827636719
2022-01-04,69.29968816736351,A,120.63052368164062,120.89290771484374,119.97898559570312,117.0042781829834,109.22059356689454,103.59304100036621,101.52845279693604
2022-01-05,68.21132344115027,A,121.2641830444336,120.98394165039062,120.31992034912109,117.62902908325195,109.71093399047851,103.77140670776367,101.66855506896972
2022-01-06,66.66695624570366,A,120.6929931640625,120.85899200439454,120.51091766357422,118.1234748840332,110.16718078613282,103.93841712951661,101.80450897216797
2022-01-07,64.94704437093446,A,120.380615234375,120.76617584228515,120.6706771850586,118.5433967590332,110.5279298400879,104.09445549011231,101.93890098571778
2022-01-10,64.21372079760968,A,121.72830200195312,120.93932342529297,120.84739456176757,118.98429298400879,110.91313385009765,104.2592091369629,102.09028457641601
2022-01-11,63.753983969908795,A,122.24592590332033,121.26240386962891,121.07765579223633,119.41626319885253,111.27798797607421,104.42631706237793,102.24753051757813
2022-01-12,62.926817426151196,A,122.53153228759766,121.51587371826172,121.24990768432617,119.7313159942627,111.62999069213868,104.58993209838867,102.40693683624268
2022-01-13,61.726108963683174,A,120.40338897705078,121.45795288085938,121.15847244262696,119.87079315185547,111.94853378295899,104.73226570129394,102.55186828613282
2022-01-14,62.15500351084771,A,122.52252197265624,121.88633422851562,121.3262550354004,120.21663322448731,112.30731750488282,104.90302131652832,102.7011918258667
2022-01-17,61.82580767126083,A,122.52252197265624,122.04517822265625,121.49225082397462,120.50312080383301,112.68609344482422,105.06504707336425,102.84745655059814
2022-01-18,61.753678058392104,A,123.34315490722656,122.2646240234375,121.76351394653321,120.87124977111816,113.08931427001953,105.23342727661132,102.9979536819458
2022-01-19,61.41099247731685,A,121.92736053466795,122.14378967285157,121.82983169555663,121.07487602233887,113.4438703918457,105.46269172668457,103.14581951141358
2022-01-20,61.49013948410178,A,119.96151733398438,122.05541534423828,121.75668411254883,121.13380088806153,113.76125137329102,105.67450233459472,103.27953929901123
2022-01-21,59.654713038079656,A,119.0146713256836,121.35384521484374,121.62008972167969,121.14538345336913,114.05362655639648,105.88037170410156,103.40407726287842
2022-01-24,57.93452883240553,P,119.17699432373048,120.68473968505859,121.36495895385742,121.1061767578125,114.35156875610352,106.08786430358887,103.5263744354248
2022-01-25,56.13131961362407,P,120.0156021118164,120.01922912597657,121.14192657470703,121.10979118347169,114.67378005981445,106.32658172607422,103.65103324890137
2022-01-26,55.33197864958084,P,121.04361724853516,119.84248046875,120.99313507080078,121.12152137756348,114.99995132446288,106.56385124206543,103.77311416625976
2022-01-27,56.48078202266846,P,122.61270904541016,120.37271881103516,121.21406707763671,121.18626976013184,115.36250198364257,106.84405967712402,103.90631092071533
2022-01-28,59.12563668445345,A,124.37113189697266,121.44401092529297,121.39892807006837,121.36259155273437,115.77503723144531,107.14705513000489,104.04250038146972
2022-01-31,61.49529262738964,A,123.44232940673828,122.29707794189453,121.49090881347657,121.49157981872558,116.1795278930664,107.43370796203614,104.17400226593017
2022-02-01,63.288212170767274,A,123.54151153564452,123.00225982666015,121.51074447631837,121.63712921142579,116.5283464050293,107.73017082214355,104.30578201293946
2022-02-02,65.23084192589239,A,125.00236511230467,123.79400939941407,121.818244934082,121.82403831481933,116.91030899047851,108.02986679077148,104.44272945404053
2022-02-03,66.76987060785672,A,126.90508270263672,124.65248413085938,122.51260147094726,122.13464279174805,117.33032592773438,108.34585624694824,104.5937253189087
2022-02-04,67.48168821574298,A,126.8329620361328,125.14485015869141,123.29443054199218,122.45726013183594,117.78727813720702,108.66421089172363,104.7417007446289
2022-02-07,69.34259795841015,A,128.5282745361328,126.16203918457032,124.2295585632324,122.79725875854493,118.27135345458984,109.01124671936036,104.88428653717041
2022-02-08,71.79910802777941,A,129.41200256347656,127.33613739013671,125.16919860839842,123.15556259155274,118.80184204101562,109.36050621032715,105.03469200134278
2022-02-09,73.17110920770844,A,129.13246154785156,128.1621566772461,125.97808303833006,123.48560905456543,119.31549392700195,109.71349571228028,105.17550220489503
2022-02-10,73.07612340965734,A,128.69058227539062,128.51925659179688,126.5858703613281,123.89996871948242,119.80317245483398,110.05368942260742,105.31279487609864
2022-02-11,72.34662273239847,A,128.05934143066406,128.76453247070313,126.95469131469724,124.17680969238282,120.24288299560547,110.39012794494629,105.44837024688721
2022-02-14,71.01909546010684,A,128.9521026611328,128.84929809570312,127.50566864013669,124.49828872680663,120.65582382202149,110.72976226806641,105.58636001586915
2022-02-15,69.92965938571335,A,130.53919982910156,129.07473754882812,128.20543746948243,124.85809097290038,121.09765045166016,111.08861846923828,105.7380846786499
2022-02-16,69.74110861814738,A,131.54014587402344,129.5562744140625,128.8592155456543,125.33873023986817,121.55307006835938,111.4442569732666,105.89450881958008
2022-02-17,69.62621268458717,A,130.7285614013672,129.9638702392578,129.24156341552734,125.8770824432373,121.95155975341797,111.80033309936523,106.03972396850585
2022-02-18,69.8843973829939,A,129.88092041015625,130.32818603515625,129.54635925292968,126.42039489746094,122.3095346069336,112.13717475891113,106.18144214630126
2022-02-21,69.67750254809168,A,129.88092041015625,130.51394958496093,129.68162384033204,126.95559120178223,122.64894546508789,112.47719085693359,106.32115451812744
2022-02-22,69.06759431624884,A,131.26058959960938,130.6582275390625,129.86648254394532,127.51784057617188,123.00202682495117,112.82412551879882,106.46636989593506
2022-02-23,68.29232964628191,A,132.3426971435547,130.81873779296876,130.18750610351563,128.08279457092286,123.32427124023438,113.18355667114258,106.62292606353759
2022-02-24,67.24504625989458,A,130.9990997314453,130.8728454589844,130.4183578491211,128.50211410522462,123.59197631835937,113.51588386535644,106.76726997375488
2022-02-25,68.44396379725649,A,134.84962463378906,131.86658630371093,131.0973861694336,129.02603874206542,123.97685440063476,113.88398269653321,106.93518341064453
2022-02-28,69.23502889783609,A,133.25350952148438,132.54110412597657,131.52752685546875,129.51659774780273,124.3060691833496,114.24352767944336,107.0960319519043
2022-03-01,69.61587998167592,A,133.18136596679688,132.92525939941407,131.79174346923827,129.99859046936035,124.65008499145507,114.61795921325684,107.26240642547607
2022-03-02,70.08391054257707,A,134.8766632080078,133.4320526123047,132.12539520263672,130.4923053741455,124.99052154541016,115.00969650268554,107.43664691925049
2022-03-03,71.73462550773985,A,135.63417053222656,134.35906677246095,132.61595611572267,130.928759765625,125.32754455566406,115.39401473999024,107.62505279541016
2022-03-04,71.03327906296745,A,135.76943969726562,134.54302978515625,133.2048080444336,131.37558364868164,125.66727294921876,115.77593704223632,107.8102978515625
2022-03-07,70.74546680709824,A,134.76846313476562,134.8460205078125,133.69356231689454,131.68759307861328,125.9634196472168,116.16480728149413,107.99053802490235
2022-03-08,69.58735474415909,A,132.6944122314453,134.74862976074218,133.83694458007812,131.85171356201172,126.21844161987305,116.53275833129882,108.16472476959228
2022-03-09,68.44185695614513,A,134.2183837890625,134.61697387695312,134.0245132446289,132.10600967407225,126.48662902832031,116.90738105773926,108.35006324768067
2022-03-10,66.99698995208162,A,134.51597595214844,134.3933349609375,134.3762008666992,132.39727935791015,126.75059371948242,117.28185607910156,108.53335781097412
2022-03-11,65.57745577432785,A,134.41677856445312,134.122802734375,134.33291625976562,132.71515121459962,127.02203536987305,117.65194763183594,108.71550228118896
2022-03-14,65.99267636541389,A,137.1581268310547,134.60073547363282,134.72337799072267,133.1254524230957,127.34794662475586,118.05516471862794,108.90851917266846
2022-03-15,69.2329053750977,A,140.5668182373047,136.1752166748047,135.46192321777343,133.62683334350587,127.74667251586914,118.48363304138184,109.12150108337403
2022-03-16,71.71947668434295,A,140.72010803222656,137.4755615234375,136.0462677001953,134.08583145141603,128.135791015625,118.92336250305176,109.32801113128662
2022-03-17,74.96427657796393,A,143.01055908203125,139.17447814941406,136.78390655517578,134.6999313354492,128.58214233398436,119.3746615600586,109.53620609283448
2022-03-18,78.77994830426157,A,143.56065368652344,141.0032531738281,137.56302795410156,135.38391799926757,129.04574310302735,119.78683647155762,109.75072704315185
2022-03-21,81.10894166117602,A,144.32716369628906,142.437060546875,138.5188980102539,136.10623016357422,129.49772033691406,120.20542709350586,109.96916774749756
2022-03-22,81.22704297966116,A,144.2910614013672,143.1819091796875,139.6785629272461,136.75775375366212,129.938623046875,120.60830551147461,110.18555294036865
2022-03-23,80.82990681736344,A,142.8572540283203,143.60933837890624,140.54244995117188,137.2834815979004,130.34513748168945,120.98756408691406,110.3960771560669
2022-03-24,80.2159519098762,A,144.53456115722656,143.9141387939453,141.5443084716797,137.96025466918945,130.82776092529298,121.38814735412598,110.6177350616455
2022-03-25,79.4388421092472,A,145.4813995361328,144.29828796386718,142.65077056884766,138.49184341430663,131.2869384765625,121.79712799072266,110.85188873291015
2022-03-28,78.65768442481372,A,146.0585479736328,144.64456481933593,143.54081268310546,139.13209533691406,131.75765899658202,122.22187622070312,111.08190773010254
2022-03-29,78.09242671674521,A,146.2479248046875,145.0359375,144.10892333984376,139.7854232788086,132.21575439453125,122.6525343322754,111.31300453186036
2022-03-30,79.23581884853638,A,147.66366577148438,145.99721984863282,144.80327911376952,140.4247734069824,132.73048049926757,123.08717544555664,111.55423236846924
2022-03-31,78.59457376588291,A,146.1847686767578,146.32726135253907,145.12070007324218,140.952303314209,133.25494552612304,123.50809844970703,111.78483898162841
2022-04-01,78.08074147869822,A,146.6987762451172,146.57073669433595,145.43451232910155,141.49877014160157,133.80862762451173,123.9311270904541,112.02568996429443
2022-04-04,77.17017948060817,A,145.98638916015625,146.55630493164062,145.60043487548828,142.0596664428711,134.34481552124024,124.34819213867188,112.26289180755616
2022-04-05,77.30000508740869,A,147.3751220703125,146.78174438476563,145.90884094238282,142.79370193481446,134.89200592041016,124.7828929901123,112.51008968353271
2022-04-06,78.65098916195713,A,152.3167724609375,147.71236572265624,146.85479278564452,143.6986213684082,135.5174690246582,125.25871017456055,112.78051319122315
2022-04-07,82.78373178116789,A,156.25747680664062,149.7269073486328,148.02708435058594,144.78569641113282,136.19036437988282,125.7764331817627,113.06357627868653
2022-04-08,87.2159119237411,A,157.77243041992188,151.94163818359374,149.25618743896484,145.95347900390624,136.8583903503418,126.31671379089356,113.35024620056153
2022-04-11,89.8562460486299,A,153.14637756347656,153.3736358642578,149.96497039794923,146.75289154052734,137.45247131347656,126.81599960327148,113.6137858581543
2022-04-12,90.07753198471227,A,150.8739471435547,154.07340087890626,150.42757263183594,147.26824798583985,137.99912002563477,127.26373321533202,113.86352142333985
2022-04-13,84.5078121840469,A,144.55343627929688,152.52073364257814,150.11654968261718,147.45991439819335,138.39014144897462,127.65022521972656,114.07720684051513
2022-04-14,77.99150144692545,A,147.60910034179688,150.7910583496094,150.25898284912108,147.68984146118163,138.80422180175782,128.06727386474608,114.3079147720337
2022-04-15,70.81491784147428,A,147.60910034179688,148.75839233398438,150.35001525878906,147.89226379394532,139.2197445678711,128.50351135253905,114.53761974334716
2022-04-18,65.13320277295283,A,144.92630004882812,147.1143768310547,150.24400634765624,147.92222061157227,139.547705078125,128.90952926635742,114.7493323135376
2022-04-19,60.04457542803633,P,142.18894958496094,145.37737731933595,149.7253890991211,147.81711502075194,139.8032440185547,129.30254302978517,114.94613719940186
2022-04-20,59.36786706419709,P,142.50723266601562,144.9681365966797,148.74443511962892,147.79961395263672,140.07073944091798,129.69311668395997,115.14122669219971
2022-04-21,57.756100805360425,P,144.16238403320312,144.27879333496094,147.53492584228516,147.78100509643554,140.3801754760742,130.0916739654541,115.34538558959962
2022-04-22,54.63325798536036,P,140.95208740234375,142.9473907470703,145.85289154052734,147.5545394897461,140.63803039550783,130.44045669555663,115.53208206176758
2022-04-25,53.48385294476126,P,142.14346313476562,142.3908233642578,144.75260009765626,147.35878524780273,140.90185760498048,130.77884071350098,115.73390632629395
2022-04-26,53.83047332086797,P,142.03431701660156,142.35989685058593,143.86863708496094,147.14810485839843,141.13175994873046,131.11470520019532,115.93240707397462
2022-04-27,54.56783684306483,P,143.3438720703125,142.5272247314453,143.7476806640625,146.93211517333984,141.36783447265626,131.4604522705078,116.13331115722656
2022-04-28,54.486113344279694,P,142.1525421142578,142.12525634765626,143.2020248413086,146.73050384521486,141.59631408691405,131.77393692016602,116.3258335494995
2022-04-29,52.62641234131136,P,133.57664489746094,140.6501678466797,141.798779296875,146.07439727783202,141.67022857666015,131.9898815917969,116.47261058807374
2022-05-02,50.045336393592954,P,134.47698974609375,139.11687316894532,140.75384826660155,145.4989273071289,141.7621499633789,132.2055477142334,116.62565299987793
2022-05-03,47.82164461198019,P,136.05030822753906,137.92007141113282,140.13998413085938,144.93268661499025,141.8579443359375,132.42998558044434,116.78581241607667
2022-05-04,44.646781329951146,P,137.8600311279297,136.82330322265625,139.67526397705078,144.20984954833983,141.968291015625,132.64628112792968,116.952419090271
2022-05-05,42.43893008345058,P,138.39657592773438,136.07210998535157,139.09868316650392,143.31680450439453,142.11624053955077,132.85410842895507,117.12029758453369
2022-05-06,45.38048023478965,P,138.9877471923828,137.15433044433593,138.90224914550782,142.37757034301757,142.19900299072265,133.0879286956787,117.30246330261231
2022-05-09,47.18050904817585,P,137.287109375,137.7163543701172,138.41661376953124,141.58460693359376,142.27967498779296,133.29287208557128,117.4798734664917
2022-05-10,48.63674308194834,P,138.31475830078125,138.16924438476562,138.0446578979492,140.95664749145507,142.38234283447267,133.51621391296388,117.65889461517334
2022-05-11,49.97902793276288,P,138.19656372070312,138.2365509033203,137.5299270629883,140.6388038635254,142.44874084472656,133.71963119506836,117.84248336791993
2022-05-12,52.074118790484015,P,140.3155059814453,138.6203369140625,137.34622344970703,140.2741241455078,142.54236755371093,133.9349560546875,118.03649047851563
2022-05-13,53.01751286849939,P,139.59706115722656,138.74219970703126,137.9482650756836,139.8735221862793,142.61891998291014,134.14309646606446,118.22985942840576
2022-05-16,55.73911907746483,A,141.38864135742188,139.56250610351563,138.6394302368164,139.69663925170897,142.75132354736328,134.35737159729004,118.4339058303833
2022-05-17,57.725255813042104,A,140.7611083984375,140.05177612304686,139.11051025390626,139.6252471923828,142.91265747070312,134.5655495452881,118.63146369934083
2022-05-18,58.546435513721356,A,138.62396240234375,140.137255859375,139.18690338134766,139.43108367919922,143.00076904296876,134.74369903564454,118.82318576812744
2022-05-19,57.80314884656405,A,137.978271484375,139.66980895996093,139.14507293701172,139.12187805175782,143.07001495361328,134.91030433654785,119.00321403503418
2022-05-20,56.56992423361303,A,137.3325653076172,139.21690979003907,138.97955474853515,138.94090194702147,143.12833068847655,135.0751830291748,119.17631015777587
2022-05-23,52.539407947376844,P,134.62246704101562,137.86367492675782,138.7130905151367,138.564852142334,143.07761749267578,135.21278205871582,119.32734634399414
2022-05-24,49.01633984021941,P,135.6046600341797,136.83238525390624,138.44208068847655,138.24336929321288,142.97837432861328,135.36252342224122,119.4777822113037
2022-05-25,48.168794728960556,P,138.19656372070312,136.7469055175781,138.44208068847655,137.98600387573242,142.9279034423828,135.53184722900392,119.6516269683838
2022-05-26,47.46522817198102,P,136.93243408203125,136.53773803710936,138.10377349853516,137.7249984741211,142.8063409423828,135.6942416381836,119.8163293838501
2022-05-27,47.31489379885377,P,136.41404724121094,136.35403442382812,137.78547210693358,137.8668685913086,142.66340881347656,135.85457595825196,119.97451572418213
2022-05-30,48.78454247547518,P,136.41404724121094,136.71235046386718,137.2880126953125,137.96372146606444,142.505146484375,136.00143341064452,120.13032127380372
2022-05-31,48.723716998710636,P,134.0222625732422,136.3958709716797,136.61412811279297,137.8623191833496,142.2997705078125,136.11919677734375,120.27275691986084
2022-06-01,46.433930085170054,P,132.7945556640625,135.31546936035156,136.03118743896485,137.60904541015626,142.09851654052736,136.2218270111084,120.40587955474854
2022-06-02,45.375318139822234,P,133.45840454101562,134.62066345214845,135.5792007446289,137.3621368408203,141.87699340820313,136.35237716674806,120.54232143402099
2022-06-03,43.92342561690972,P,133.84039306640625,134.1059326171875,135.2299835205078,137.1047691345215,141.64417327880858,136.46555587768555,120.68428859710693
2022-06-06,42.54411177173867,P,133.25833129882812,133.47478942871095,135.09356994628905,136.9033302307129,141.3881689453125,136.57291397094727,120.81898052215575
2022-06-07,43.65392204449707,P,135.63194274902344,133.79672546386718,135.09629821777344,136.769189453125,141.17584930419923,136.69580184936524,120.96461456298829
2022-06-08,45.79942546138853,P,135.73199462890625,134.38421325683595,134.84984130859374,136.64596099853514,140.93721588134767,136.8338481903076,121.14826995849609
2022-06-09,45.911514706993295,P,132.25796508789062,134.14412536621094,134.38239440917968,136.24308395385742,140.65867980957032,136.9568126678467,121.3156575012207
2022-06-10,45.032814096653944,P,130.22996520996094,133.4220397949219,133.76398620605468,135.77472915649415,140.3293035888672,137.06896560668946,121.4746686553955
2022-06-13,42.48812459441607,P,126.7923355102539,132.12884063720702,132.80181503295898,135.04491386413574,139.94542251586915,137.14511901855468,121.61649166107178
2022-06-14,37.963507037007986,P,125.15534973144533,130.0335220336914,131.9151237487793,134.26462593078614,139.5010270690918,137.19651649475097,121.7615491104126
2022-06-15,33.31509607175072,P,125.58280181884766,128.0036834716797,131.1939483642578,133.61256790161133,138.96634765625,137.2419083404541,121.90287979125976
2022-06-16,30.926435664969194,P,126.54676818847656,126.86144409179687,130.5027847290039,133.0409927368164,138.37213348388673,137.28124893188476,122.06265430450439
2022-06-17,29.172936832100138,P,125.75555419921876,125.96656188964843,129.69430084228514,132.46214218139647,137.73179595947266,137.29509315490722,122.22107414245606
2022-06-20,30.016546755610033,P,125.75555419921876,125.7592056274414,128.94402313232425,132.01879653930663,137.1839794921875,137.31822540283204,122.37596668243408
2022-06-21,33.86871838753615,P,130.47549438476562,126.82323455810547,128.42837829589843,131.76233825683593,136.7760104370117,137.38756523132324,122.55886802673339
2022-06-22,39.262781551734896,P,134.19505310058594,128.54568481445312,128.2746841430664,131.56226272583007,136.5688427734375,137.47949211120604,122.75467945098877
2022-06-23,44.77062705399152,P,135.9138946533203,130.4191101074219,128.64027709960936,131.51133575439454,136.33493865966796,137.5695802307129,122.95771823883057
2022-06-24,52.04792557932509,P,138.54212951660156,132.97642517089844,129.47149353027345,131.61773986816405,136.15359924316405,137.68667190551758,123.1754413986206
2022-06-27,59.11542060891708,A,139.26966857910156,135.679248046875,130.7192268371582,131.7605209350586,136.04046661376952,137.79408584594728,123.40266628265381
2022-06-28,63.4907639752851,A,138.67852783203125,137.31985473632812,132.0715446472168,131.99333419799805,135.97025817871094,137.8867510986328,123.62362865447999
2022-06-29,66.44823213343147,A,140.17910766601562,138.51666564941405,133.5311752319336,132.3625617980957,135.92369567871094,137.99721755981446,123.85535663604736
2022-06-30,67.66798256491482,A,139.287841796875,139.191455078125,134.80528259277344,132.65403366088867,135.82620483398438,138.1031901550293,124.07843978881836
2022-07-01,67.48425964264301,A,139.86990356445312,139.4570098876953,136.2167175292969,132.95550918579102,135.80456115722657,138.22129577636719,124.30571186065674
2022-07-04,66.31988661007917,A,139.86990356445312,139.57705688476562,137.6281524658203,133.28608779907228,135.75908996582032,138.3304737854004,124.5301180267334
2022-07-05,65.06328254195289,A,139.9880828857422,139.8389678955078,138.57941131591798,133.5038948059082,135.71816528320312,138.4249626159668,124.75679054260254
2022-07-06,62.230707021514434,A,138.7148895263672,139.54612426757814,139.0313949584961,133.65303955078124,135.62558563232423,138.49671005249024,124.97048351287842
2022-07-07,60.426099238827526,A,138.23291015625,139.33513793945312,139.26329650878907,133.95178680419923,135.54719299316406,138.57175354003905,125.18604331970215
2022-07-08,59.07875874037526,A,139.0059356689453,139.16234436035157,139.30967712402344,134.39058532714844,135.65577880859374,138.66300369262694,125.40008922576904
2022-07-11,58.22511334354949,A,139.35150146484375,139.05866394042968,139.31786041259767,135.01854362487794,135.75326904296875,138.75770950317383,125.61745018005371
2022-07-12,57.63127223200873,A,138.65126037597656,138.79129943847656,139.31513366699218,135.6933391571045,135.8052880859375,138.8316162109375,125.82787086486816
2022-07-13,58.10074059335599,A,138.3693389892578,138.7221893310547,139.1341567993164,136.332666015625,135.81547424316406,138.89188262939453,126.03771965026856
2022-07-14,58.371748007870345,P,138.09396362304688,138.69440002441405,139.0147689819336,136.9100257873535,135.8094219970703,138.96283126831054,126.23935756683349
2022-07-15,59.036613898781916,P,141.01296997070312,139.09580688476564,139.1290756225586,137.67289657592772,135.8499264526367,139.0244647216797,126.45422370910644
2022-07-18,57.84181590475828,P,137.29534912109375,138.68457641601563,138.87162017822266,138.2498863220215,135.8500912475586,139.06488311767578,126.65420539855957
2022-07-19,56.763848111990995,P,137.45138549804688,138.4446014404297,138.61795043945312,138.59868087768555,135.8328237915039,139.10758331298828,126.86277126312255
2022-07-20,54.9226350851097,P,135.5696258544922,137.88465881347656,138.3034240722656,138.66740951538085,135.78028503417968,139.11451293945314,127.06210472106933
2022-07-21,52.921744132222734,P,135.62469482421875,137.39080505371095,138.0426025390625,138.65294952392577,135.68646881103516,139.11441818237304,127.25421646118164
2022-07-22,49.53910490841835,P,136.28562927246094,136.4453369140625,137.77057189941405,138.54012451171874,135.62024017333985,139.119580078125,127.44775856018066
2022-07-25,48.868791548074945,P,137.89199829101562,136.56466674804688,137.62462158203124,138.47124099731445,135.5503073120117,139.1508154296875,127.65781135559082
2022-07-26,48.88867869153348,P,138.48863220214844,136.7721160888672,137.60835876464844,138.4617462158203,135.50485778808593,139.20875762939454,127.87075798034668
2022-07-27,50.254892312638866,P,138.7456817626953,137.4073272705078,137.6459930419922,138.39007492065429,135.50729217529297,139.25403060913087,128.08070583343505
2022-07-28,51.363778393657206,P,137.4605712890625,137.77450256347657,137.58265380859376,138.29871139526367,135.49693817138672,139.2834765625,128.2826663208008
2022-07-29,49.8315987092275,P,131.732666015625,136.86390991210936,136.65462341308594,137.89184951782227,135.38494018554687,139.2566354370117,128.45429153442382
2022-08-01,45.9706951748495,P,128.712646484375,135.02803955078124,135.79635314941407,137.33398666381837,135.26674377441407,139.1721806335449,128.61367267608642
2022-08-02,41.350798112022325,B,128.86871337890625,133.10405578613282,134.9380859375,136.77801818847655,135.1320248413086,139.05519958496095,128.76941631317138
2022-08-03,36.906509667653246,B,129.6122283935547,131.2773651123047,134.34234619140625,136.32288513183593,134.96033813476564,138.94412078857422,128.933741645813
2022-08-04,32.1321947765865,B,127.51932525634766,129.28911590576172,133.53180923461915,135.7872058868408,134.77207595825195,138.78920845031737,129.081935005188
2022-08-05,30.498674217610823,B,126.71155548095705,128.28489379882814,132.57440185546875,135.1724868774414,134.57802612304687,138.62071746826172,129.20377696990965
2022-08-08,31.178136105250104,B,128.8227996826172,128.30692443847656,131.6674819946289,134.64605178833008,134.426201171875,138.465673828125,129.33555046081543
2022-08-09,32.133805754112885,B,128.74021911621094,128.2812255859375,130.69264068603516,134.1504997253418,134.32056030273438,138.31016540527344,129.45923545837402
2022-08-10,32.87811867388401,B,129.3735809326172,128.23349609375,129.75543060302735,133.70071182250976,134.25214080810548,138.1753286743164,129.58144638061523
2022-08-11,35.26441723793902,B,130.42001342773438,128.81363372802736,129.05137481689454,133.31701431274413,134.19137298583985,138.0341831970215,129.71116527557373
2022-08-12,38.14077444574436,B,130.8973388671875,129.65079040527343,128.96784210205078,132.81123275756835,134.13251190185548,137.88834259033203,129.84273529052734
2022-08-15,40.08722466367217,B,130.61277770996094,130.0087860107422,129.15785522460936,132.47710418701172,134.07960083007814,137.73388488769533,129.97788055419923
2022-08-16,41.99853221959503,B,130.85147094726562,130.43103637695313,129.35613098144532,132.14710845947266,133.98399139404296,137.5799203491211,130.11622734069823
2022-08-17,43.05172390213073,B,129.83251953125,130.5228240966797,129.37816009521484,131.86025314331056,133.86600189208986,137.40160888671875,130.2443921661377
2022-08-18,43.53427547411673,C,129.69483947753906,130.37778930664064,129.595711517334,131.56376037597656,133.8147393798828,137.23670959472656,130.37240402221678
2022-08-19,43.67030459489168,C,130.20889282226562,130.24010009765624,129.94544525146483,131.2599235534668,133.81431793212892,137.07181076049804,130.50146892547608
2022-08-22,42.878379519345735,B,128.8227996826172,129.8821044921875,129.94544525146483,130.80646362304688,133.85492721557617,136.90017486572265,130.62418350219727
2022-08-23,41.53866576929921,B,127.61113739013672,129.23403778076172,129.83253707885743,130.2625888824463,133.90404296875,136.7025350189209,130.7427140045166
2022-08-24,40.11245049323256,P,126.59223175048828,128.5859802246094,129.55440216064454,129.65491638183593,133.9242315673828,136.4452896118164,130.85199989318846
2022-08-25,38.82189514516176,P,127.8957061767578,128.2261535644531,129.30197143554685,129.1766731262207,133.95121032714843,136.16167190551758,130.96905254364015
2022-08-26,36.34535235172645,P,125.1602554321289,127.21642608642578,128.728263092041,128.8480525970459,133.93930435180664,135.83555015563965,131.0761319732666
2022-08-29,34.983900083081224,P,124.57280731201172,126.36642761230469,128.1242660522461,128.64106063842775,133.9156494140625,135.549814453125,131.18290702819823
2022-08-30,33.99320439877723,B,124.42591094970705,125.72938232421875,127.48171005249023,128.41892051696777,133.79465774536132,135.2853340911865,131.27453365325928
2022-08-31,33.48448598367648,B,123.42536926269533,125.09600982666015,126.84099502563478,128.1095775604248,133.57926406860352,135.0740534210205,131.36213932037353
2022-09-01,34.01770924134282,B,127.08792877197266,124.93445434570313,126.58030395507812,128.08800773620607,133.40274475097655,134.86884170532227,131.46805778503418
2022-09-02,34.87951540616489,B,125.09600067138672,124.92160339355469,126.06901473999024,128.00722999572753,133.13382217407226,134.64371070861816,131.5736110305786
2022-09-05,35.45563919509933,B,125.09600067138672,125.02624206542968,125.69633483886719,127.82089004516601,132.85034881591798,134.44540771484375,131.67746849060057
2022-09-06,37.13973627874443,B,126.29849243164062,125.4007583618164,125.56507034301758,127.6988037109375,132.60274810791014,134.28650314331054,131.79452308654785
2022-09-07,39.55813993655429,B,127.32659912109376,126.18100433349609,125.63850708007813,127.59645462036133,132.34569793701172,134.13469680786133,131.91390674591065
2022-09-08,40.51834707917299,B,128.988037109375,126.56102600097657,125.74774017333986,127.52485580444336,132.13970184326172,133.98295333862305,132.03731365203856
2022-09-09,42.99151644299354,C,129.81417846679688,127.5046615600586,126.21313247680666,127.47069778442383,131.9385873413086,133.87157424926758,132.15601547241212
2022-09-12,45.62937634365448,C,130.56690979003906,128.59884338378907,126.8125427246094,127.46840438842773,131.75252746582032,133.7558087158203,132.26732471466065
2022-09-13,45.64132778370011,C,127.1613540649414,128.77141571044922,127.08608703613281,127.28389854431153,131.4959928894043,133.6070790863037,132.36089214324952
2022-09-14,45.573859197191446,C,128.09764099121094,128.92562408447264,127.55331420898438,127.19715461730956,131.28364791870118,133.4546167755127,132.45753452301025
2022-09-15,46.16827592169221,C,130.81471252441406,129.29095916748048,127.92599258422851,127.25314826965332,131.13528396606446,133.34123847961425,132.55758769989015
2022-09-16,46.80613170232189,C,132.23753356933594,129.77563018798827,128.64014587402343,127.35458030700684,130.99991592407227,133.327847366333,132.65886447906493
2022-09-19,46.48403167612613,C,130.9524383544922,129.8527359008789,129.22578964233398,127.46106224060058,130.83193466186523,133.292601852417,132.7490747833252
2022-09-20,47.90256419858935,C,130.1354522705078,130.4475555419922,129.6094856262207,127.58727798461913,130.66161849975586,133.2334532928467,132.8317194366455
2022-09-21,47.92817878747618,C,128.79525756835938,130.5870788574219,129.75635147094727,127.69742927551269,130.4701368713379,133.14280555725097,132.89454334259034
2022-09-22,47.731591629998256,C,131.27369689941406,130.6788757324219,129.98491744995118,127.8663288116455,130.33373153686523,133.07157676696778,132.9628425979614
2022-09-23,46.407261237608644,C,131.319580078125,130.4952850341797,130.13545761108398,128.1742950439453,130.13986373901366,132.9948950958252,133.04141189575196
2022-09-26,45.36099999281902,C,129.62142944335938,130.2290832519531,130.04090957641603,128.4267261505127,129.98638534545898,132.91823829650878,133.10555519104003
2022-09-27,44.96219149511557,C,130.0895538330078,130.21990356445312,130.33372955322267,128.70990829467775,129.8391487121582,132.83598625183106,133.17610008239745
2022-09-28,46.894930141359985,C,132.73321533203125,131.0074951171875,130.7972869873047,129.17530059814453,129.782420501709,132.78135276794433,133.25049198150634
2022-09-29,46.59310005919897,C,131.00747680664062,130.95425109863282,130.81656341552736,129.37127799987792,129.69007614135742,132.6882724761963,133.3116142654419
2022-09-30,42.89546012075751,B,123.19588470458984,129.3295120239258,129.91239852905272,129.2762722015381,129.42828125,132.5242607116699,133.3336785888672
2022-10-03,41.46416005523903,B,126.96861267089844,128.7989486694336,129.51401596069337,129.36990280151366,129.20981353759765,132.3800604248047,133.36871601104735
2022-10-04,40.8194068952209,B,130.33738708496094,128.84851531982423,129.53420944213866,129.57184753417968,129.0467886352539,132.27582321166992,133.420686378479
2022-10-05,39.06441252100183,B,131.5674285888672,128.6153579711914,129.81142654418946,129.78388900756835,128.90322357177735,132.20525787353515,133.47447845458984
2022-10-06,37.795734316755414,B,128.7769012451172,128.16924285888672,129.56174697875977,129.77333221435546,128.72955017089845,132.11324417114258,133.5117742538452
2022-10-07,40.810963919348275,B,127.37245178222656,129.00455627441406,129.16703414916992,129.65124588012696,128.64234588623046,132.01364303588866,133.54441303253174
2022-10-10,41.63873179280342,C,126.95939636230467,129.00271301269532,128.90083084106445,129.47087020874022,128.60728088378906,131.93701232910155,133.5748971939087
2022-10-11,42.057727966067844,C,129.8967742919922,128.91459045410156,128.88155288696288,129.60764122009277,128.62784210205078,131.8799334716797,133.62122844696046
2022-10-12,40.85779015000362,B,128.49232482910156,128.29956970214843,128.45746383666992,129.62737541198732,128.60544403076173,131.78289108276368,133.6573691558838
2022-10-13,43.36402839533158,B,132.5260009765625,129.0493896484375,128.60931625366212,129.71293983459472,128.70557754516602,131.73882675170898,133.7165341949463
2022-10-14,46.10376517005014,A,132.54454040527344,130.08380737304688,129.54418182373047,129.7282901763916,128.82223724365235,131.7001316833496,133.77735382080078
2022-10-17,49.384925214271995,A,133.90765380859375,131.47345886230468,130.2380859375,129.87605094909668,128.9239343261719,131.67506774902344,133.83825057983398
2022-10-18,51.10357081347877,A,134.08383178710938,132.3108703613281,130.61273040771485,130.07346992492677,129.03080657958984,131.6756834411621,133.89744010925293
2022-10-19,53.70983972954912,A,132.72071838378906,133.15654907226562,130.72805938720703,130.26974296569824,129.09774932861328,131.67494506835936,133.9483860397339
2022-10-20,53.388197589312874,A,132.53526306152344,133.1584014892578,131.10389556884766,130.33282127380372,129.14005432128906,131.66571365356447,134.00904541015626
2022-10-21,53.850574781442184,A,136.36489868164062,133.92247314453124,132.00314025878907,130.5850872039795,129.2494055175781,131.6909587097168,134.07825729370117
2022-10-24,55.72656889316692,A,139.91636657714844,135.12421569824218,133.29883728027343,131.09983406066894,129.43547729492187,131.7575390625,134.16522651672364
2022-10-25,57.16636439596325,A,138.9241943359375,136.0922882080078,134.20157928466796,131.54156608581542,129.5969317626953,131.79046157836913,134.2431317138672
2022-10-26,60.41139346260832,A,141.4185333251953,137.83185119628905,135.49420013427735,131.97583198547363,129.8286520385742,131.84732696533203,134.34058757781983
2022-10-27,64.60789726105202,A,142.33656311035156,139.7921112060547,136.47525634765626,132.54228630065919,130.08148651123048,131.94811294555663,134.45246280670165
2022-10-28,64.74038123290097,A,136.87490844726562,139.89411315917968,136.90829315185547,133.22623748779296,130.21480682373047,132.01456237792968,134.54176399230957
2022-10-31,62.01726217446915,A,135.7529296875,139.06142578125,137.0928207397461,133.66545333862305,130.3534094238281,132.10416831970215,134.62464366912843
2022-11-01,60.42775777242531,A,136.22581481933594,138.5217498779297,137.30701904296876,133.9598747253418,130.52570297241212,132.21487297058104,134.70569473266602
2022-11-02,56.15984407015542,A,134.00967407226562,137.03997802734375,137.4359146118164,134.0819869995117,130.67405181884766,132.29914169311525,134.77052501678466
2022-11-03,51.38661407815505,A,133.9169158935547,135.35604858398438,137.57407989501954,134.3389877319336,130.79447601318358,132.37284317016602,134.82704605102538
2022-11-04,49.87791765844616,A,134.71435546875,134.92393798828124,137.40902557373047,134.70608291625976,130.985558013916,132.46243118286134,134.87876216888426
2022-11-07,50.66825528717762,A,137.32928466796875,135.239208984375,137.1503173828125,135.22457733154297,131.24068756103514,132.57816848754882,134.94819694519043
2022-11-08,51.07345869800753,P,137.72801208496094,135.5396484375,137.03069915771485,135.61613922119142,131.50672958374022,132.65069366455077,135.01912944793702
2022-11-09,52.40769853891052,P,136.8842010498047,136.11455383300782,136.57726593017577,136.03573303222657,131.7759062194824,132.67758514404298,135.0785386276245
2022-11-10,53.994031297932786,A,138.8314666748047,137.09746398925782,136.22675628662108,136.35100631713868,132.01077697753905,132.7067608642578,135.13817054748534
2022-11-11,55.25688245712718,A,139.2394561767578,138.0024841308594,136.4632110595703,136.68575210571288,132.2936460876465,132.71373413085936,135.2002030181885
2022-11-14,55.65258711145115,A,140.70457458496094,138.67754211425782,136.9583755493164,137.02559814453124,132.60581756591796,132.72808319091797,135.26108451843263
2022-11-15,56.61287809435251,A,141.91001892089844,139.51394348144532,137.52679595947265,137.4169075012207,132.9180480957031,132.76039810180663,135.32357460021973
2022-11-16,57.80291135703758,A,140.82508850097656,140.3021209716797,138.20833740234374,137.82212600708007,133.18801788330077,132.76685791015626,135.38203773498535
2022-11-17,58.68931135901361,A,141.09402465820312,140.75463256835937,138.9260482788086,138.25006408691405,133.43013763427734,132.78491973876953,135.44405494689943
2022-11-18,59.65502515762296,A,143.70892333984375,141.64852600097657,139.82550506591798,138.6172653198242,133.70803253173827,132.82330993652343,135.52230285644532
2022-11-21,60.482895998423146,A,145.6840362548828,142.64441833496093,140.66098022460938,138.90564880371093,134.01037506103515,132.88145126342772,135.60596252441405
2022-11-22,62.07041929765305,A,148.1691131591797,143.8962371826172,141.70509033203126,139.36789474487304,134.43053024291993,132.96326156616212,135.69411209106445
2022-11-23,63.650494920586624,A,147.79820251464844,145.29085998535157,142.79649047851564,139.6868782043457,134.82454147338868,133.05409469604493,135.77540237426757
2022-11-24,64.98741308998116,A,147.79820251464844,146.63169555664064,143.6931640625,139.95996017456054,135.16421127319336,133.1497476196289,135.860750579834
2022-11-25,65.65509415031714,A,148.01148986816406,147.4922088623047,144.57036743164062,140.51678924560548,135.47969039916993,133.2398031616211,135.95140342712403
2022-11-28,65.46383586091531,A,146.90802001953125,147.73700561523438,145.19071197509766,141.07454376220704,135.7988020324707,133.31536834716798,136.0365389251709
2022-11-29,63.57640566607402,A,146.6947479248047,147.44213256835937,145.66918487548827,141.59799041748047,136.12998794555665,133.39580322265624,136.11370971679688
2022-11-30,63.480970503944484,A,149.4580078125,147.7740936279297,146.53247680664063,142.3704071044922,136.54324295043946,133.50668991088867,136.1992862701416
2022-12-01,63.886642492003915,A,149.87530517578125,148.18951416015625,147.41060485839844,143.1683265686035,136.9152751159668,133.624503326416,136.29366729736327
2022-12-02,64.47326291758272,A,151.75765991210938,148.93874816894532,148.215478515625,144.02049179077147,137.3240367126465,133.73195022583008,136.37820747375488
2022-12-05,66.02281340501695,A,152.0172882080078,149.96060180664062,148.8488037109375,144.75489196777343,137.77195388793945,133.87916961669922,136.4720263671875
2022-12-06,67.77646627498599,A,151.81329345703125,150.98431091308595,149.21322174072264,145.45915603637695,138.20642868041992,134.02278869628907,136.56518600463866
2022-12-07,68.1970603145067,A,153.3711395263672,151.76693725585938,149.77051544189453,146.28350296020508,138.61918716430665,134.20080383300783,136.65765838623048
2022-12-08,68.62011083566807,A,153.91822814941406,152.57552185058594,150.38251800537108,147.03784103393554,139.07740219116212,134.38373916625977,136.7490786743164
2022-12-09,67.665541217928,A,151.2012939453125,152.46424865722656,150.70149841308594,147.63593292236328,139.63751037597658,134.53289581298827,136.82623794555664
2022-12-12,67.2109633776733,A,153.29693603515625,152.72017822265624,151.34039001464845,148.26555099487305,140.1640768432617,134.6869451904297,136.9188803100586
2022-12-13,66.73890642518096,A,152.80548095703125,152.91861572265626,151.9514633178711,148.8103240966797,140.61343872070313,134.83011367797852,137.01943565368651
2022-12-14,65.44716078049477,A,152.87039184570312,152.81846618652344,152.2927017211914,149.412589263916,141.03949798583983,134.9713607788086,137.11269569396973
2022-12-15,63.36828400598851,A,151.2384033203125,152.28250122070312,152.42901153564452,149.9198081970215,141.48872802734374,135.10913909912108,137.19630783081055
2022-12-16,61.65145979518175,A,148.80892944335938,151.8040283203125,152.13413848876954,150.17480850219727,141.9174575805664,135.27990173339845,137.26826858520508
2022-12-19,59.25405855781201,A,149.74545288085938,151.09373168945314,151.90695495605468,150.37787933349608,142.3731787109375,135.49022979736327,137.3312052154541
2022-12-20,56.4648710466256,P,148.90164184570312,150.3129638671875,151.61578979492188,150.41450576782228,142.7532760620117,135.69055908203126,137.3728793334961
2022-12-21,54.782909311096,P,150.41311645507812,149.8215087890625,151.31998748779296,150.54525146484374,143.19169189453126,135.8985679626465,137.42134437561035
2022-12-22,54.18498940203519,P,151.39602661132812,149.85303344726563,151.06776733398436,150.72514266967772,143.56909240722655,136.13733497619629,137.46327171325683
2022-12-23,54.92105400037275,P,151.2384033203125,150.33892822265625,151.07147827148438,150.88648834228516,143.94296966552736,136.38260345458986,137.5016604614258
2022-12-26,55.205223502749554,P,151.2384033203125,150.63751831054688,150.865625,151.1030075073242,144.28958465576173,136.6067594909668,137.5362166595459
2022-12-27,56.40793114127211,A,151.13638305664062,151.08446655273437,150.69871520996094,151.32508926391603,144.63063568115234,136.8307211303711,137.57044326782227
2022-12-28,56.37708974837935,A,150.43167114257812,151.0881774902344,150.45484313964843,151.37377243041993,144.98485473632812,137.0413020324707,137.60831535339355
2022-12-29,55.984480178531896,A,150.7376708984375,150.95650634765624,150.40476989746094,151.41689071655273,145.3489028930664,137.24447860717774,137.6393309020996
2022-12-30,54.51234732092664,A,149.85675048828125,150.68017578125,150.50955200195312,151.32184524536132,145.61873992919922,137.43407272338868,137.66120765686034
2023-01-02,53.173727494579715,P,149.85675048828125,150.40384521484376,150.52068176269532,151.213818359375,145.8175476074219,137.62651245117186,137.6801986694336
2023-01-03,52.17887771030234,P,150.57073974609375,150.29071655273438,150.68759155273438,151.1516906738281,146.050478515625,137.82370513916015,137.70181274414062
2023-01-04,52.05941746115595,P,151.78550720214844,150.56148376464844,150.8248306274414,151.0724090576172,146.25781799316405,138.04323501586913,137.72242195129394
2023-01-05,51.6478366331633,P,151.6000213623047,150.73395385742188,150.84523010253906,150.9564987182617,146.44308715820313,138.2622868347168,137.74949821472168
2023-01-06,53.66967470214046,A,154.43746948242188,151.65009765625,151.16513671875,151.1183074951172,146.79433837890625,138.50457260131836,137.7881916809082
2023-01-09,53.936296737943536,A,149.90309143066406,151.65936584472655,151.03160552978517,150.94861526489257,147.07734161376953,138.71537551879882,137.80777519226075
2023-01-10,52.7971719836843,A,148.03001403808594,151.151220703125,150.7209686279297,150.7098419189453,147.31342559814453,138.9195642852783,137.8110496520996
2023-01-11,50.259604253877455,P,145.7396697998047,149.94205322265626,150.25176849365235,150.3533058166504,147.54802551269532,139.11103866577147,137.77816413879395
2023-01-12,46.41901230127527,P,142.49142456054688,148.12033386230468,149.4271438598633,149.91595687866212,147.71951568603515,139.25699584960938,137.70933387756347
2023-01-13,41.172347520770074,P,143.78323364257812,145.98948669433594,148.81979217529297,149.66467208862304,147.9008932495117,139.44322563171386,137.63938789367677
2023-01-16,38.619571125692225,P,143.78323364257812,144.76551513671876,148.21244049072266,149.36656112670897,148.0299722290039,139.63532989501954,137.59257217407227
2023-01-17,36.99438600269902,P,143.0624542236328,143.77200317382812,147.46161193847655,149.07460174560546,148.13666107177735,139.8216953277588,137.55351470947267
2023-01-18,35.40845477671785,P,139.66444396972656,142.5569580078125,146.24950561523437,148.53716812133788,148.19226593017578,139.9840860748291,137.5290697479248
2023-01-19,35.18473344569184,P,139.20578002929688,141.8998291015625,145.01008148193358,147.92765579223632,148.19975219726564,140.10526458740233,137.4870531463623
2023-01-20,34.456139558992284,P,140.0294952392578,141.14908142089843,143.56928405761718,147.3672103881836,148.21555297851563,140.25459953308106,137.4491551208496
2023-01-23,33.152695391319305,P,139.0559844970703,140.20363159179686,142.4845733642578,146.7580894470215,148.18258117675782,140.3941993713379,137.4198035430908
2023-01-24,31.774036698489436,B,138.2509765625,139.2413360595703,141.5066696166992,146.11381912231445,148.10940032958985,140.51372421264648,137.4001136779785
2023-01-25,32.33136151378278,B,138.3445587158203,138.97735900878905,140.76715850830078,145.50946350097655,148.05978973388673,140.62390380859375,137.37930030822753
2023-01-26,33.140120346867384,B,137.9794921875,138.7321014404297,140.3159652709961,144.87155456542968,147.99749908447265,140.713818359375,137.34838584899902
2023-01-27,33.26208354397507,B,136.93106079101562,138.11241455078124,139.63074798583983,144.22527008056642,147.8619418334961,140.7849871826172,137.32828071594238
2023-01-30,33.02026005828515,B,136.34132385253906,137.569482421875,138.88655700683594,143.54949874877929,147.6750875854492,140.8427313232422,137.29927001953126
2023-01-31,33.89294143177495,B,138.30711364746094,137.5807098388672,138.41102294921876,142.93631744384766,147.47784759521485,140.95418891906738,137.28063400268556
2023-02-01,33.640531030721995,B,137.23060607910156,137.35791931152343,138.16763916015626,142.2085723876953,147.2664956665039,141.0455185699463,137.2500676727295
2023-02-02,32.62685896035319,B,135.58309936523438,136.8786407470703,137.80537109375,141.4077262878418,147.02219360351563,141.0932024383545,137.21722045898437
2023-02-03,32.57566855523909,B,135.9200897216797,136.67644653320312,137.3944305419922,140.4818572998047,146.78036560058592,141.13002799987794,137.22893768310547
2023-02-06,33.378719823415615,B,135.7515869140625,136.55849914550782,137.0639907836914,139.7742820739746,146.55723693847656,141.17801948547364,137.23531066894532
2023-02-07,33.13483831893911,B,135.86392211914062,136.06986083984376,136.82528533935547,139.16597747802734,146.3406204223633,141.23530418395995,137.2343787384033
2023-02-08,33.140337222500634,B,135.36778259277344,135.69729614257812,136.5276077270508,138.6473831176758,146.05881591796876,141.3010294342041,137.22191749572755
2023-02-09,35.95882057778137,P,139.19639587402344,136.41995544433593,136.64929809570313,138.4826316833496,145.8452377319336,141.3802564239502,137.22591659545898
2023-02-10,39.77780574053792,P,142.33230590820312,137.70239868164063,137.18942260742188,138.41008529663085,145.65673065185547,141.49038368225098,137.2426393890381
2023-02-13,43.98369656998019,A,143.90492248535156,139.33306579589845,137.94578247070314,138.41616973876953,145.49448333740236,141.6332186126709,137.27572845458985
2023-02-14,47.505102716065885,A,142.83778381347656,140.72783813476562,138.3988494873047,138.40493621826172,145.31497314453125,141.76070091247558,137.2983435821533
2023-02-15,50.696219402300834,A,141.4055633544922,141.93539428710938,138.81634521484375,138.4919921875,145.07566162109376,141.8474243927002,137.31438858032226
2023-02-16,50.763938844284276,A,139.97335815429688,142.09078674316407,139.25537109375,138.53037109375,144.7967642211914,141.93708320617677,137.3126778411865
2023-02-17,50.30754546580161,A,141.6396026611328,141.95224609375,139.82732238769532,138.61087646484376,144.6055303955078,142.1215203857422,137.32289054870606
2023-02-20,48.45819105847008,A,141.6396026611328,141.49918212890626,140.41612396240234,138.74005737304688,144.37238372802733,142.26823028564453,137.3241453552246
2023-02-21,47.702033796189546,A,142.28549194335938,141.38872375488282,141.05828094482422,138.94178314208983,144.1619839477539,142.38771133422853,137.3317672729492
2023-02-22,47.05117565153651,A,141.0404815673828,141.31570739746093,141.62555084228515,139.07657928466796,143.9253857421875,142.48244186401368,137.3438498687744
2023-02-23,48.08186015342662,A,142.35101318359375,141.7912384033203,141.94101257324218,139.29515533447267,143.7476379394531,142.61818298339844,137.3657135772705
2023-02-24,48.3991520934307,A,142.9501190185547,142.0533416748047,142.00279388427734,139.59610824584962,143.63046173095702,142.77395965576173,137.39380134582518
2023-02-27,49.81222500051899,A,144.41976928710938,142.609375,142.0542785644531,140.00003051757812,143.52394805908204,142.94856338500978,137.44278785705566
2023-02-28,50.413064954581436,A,144.0640411376953,142.9650848388672,142.176904296875,140.28787689208986,143.42719604492189,143.0902360534668,137.48508476257325
2023-03-01,52.17168651691036,A,145.3464813232422,143.82628479003907,142.57099609375,140.69367065429688,143.32586334228515,143.2587776184082,137.52083435058594
2023-03-02,52.80237049651631,A,144.51339721679688,144.25876159667968,143.025,141.140185546875,143.18821075439453,143.37865158081055,137.55873916625976
2023-03-03,53.87658683890631,A,146.08599853515625,144.8859375,143.46963958740236,141.64848098754882,143.08516265869142,143.51406616210937,137.6070989227295
2023-03-06,53.74472747409326,A,145.35585021972656,145.07315368652343,143.8412643432617,142.12869415283203,142.96751159667969,143.6285481262207,137.65180793762207
2023-03-07,53.092664930270075,A,143.15603637695312,144.891552734375,143.9283187866211,142.49329986572266,142.80790466308594,143.71927017211914,137.69747680664062
2023-03-08,50.29517684316384,A,140.0388641357422,143.830029296875,143.82815704345703,142.7268539428711,142.6000485229492,143.79245162963866,137.733698348999
2023-03-09,46.654839962027836,A,137.93267822265625,142.51388549804688,143.38632354736328,142.66366806030274,142.3439486694336,143.84642578125,137.75606971740723
2023-03-10,42.901637094443764,P,140.14186096191406,141.32505798339844,143.10549774169922,142.55414581298828,142.14965087890624,143.88419540405275,137.78757705688477
2023-03-13,40.381895203678084,P,142.23867797851562,140.70162353515624,142.88738861083985,142.4708335876465,141.99728942871093,143.9074185180664,137.8324787902832
2023-03-14,39.93821338993833,P,144.0172576904297,140.87386779785157,142.8827102661133,142.52980728149413,141.86621978759766,143.95834915161132,137.87440536499022
2023-03-15,41.103904484862426,P,144.21383666992188,141.7088623046875,142.76944580078126,142.67022094726562,141.71478637695313,143.9863021850586,137.9168145751953
2023-03-16,44.696976147316576,A,145.3745880126953,143.1972442626953,142.8555648803711,142.94028244018554,141.59027770996093,144.01668243408204,137.98239768981932
2023-03-17,47.043361858079415,A,144.3636016845703,144.04159240722657,142.6833251953125,143.07648239135742,141.3888003540039,144.09156936645508,138.05306587219238
2023-03-20,49.75636042368216,A,146.1421661376953,144.8222900390625,142.76195678710937,143.30161056518554,141.31358184814454,144.19546173095702,138.1498150253296
2023-03-21,51.67536795992345,A,146.75062561035156,145.36896362304688,143.1214157104492,143.52486724853514,141.28799407958985,144.3007098388672,138.25779140472412
2023-03-22,52.5402795682378,A,143.8487548828125,145.295947265625,143.50240478515624,143.66528091430663,141.25017578125,144.39910064697267,138.34912117004396
2023-03-23,53.07139737924272,A,145.3745880126953,145.295947265625,144.24659576416016,143.81645965576172,141.30783905029296,144.51367736816405,138.44326026916505
2023-03-24,55.450607428057914,A,147.92074584960938,146.00737609863282,145.02448425292968,144.06499099731445,141.3905892944336,144.64574127197267,138.554086227417
2023-03-27,55.92020244655074,A,147.47140502929688,146.27322387695312,145.54775695800782,144.21757278442382,141.46435272216797,144.74716247558592,138.6626654815674
2023-03-28,55.94250456802782,A,148.13604736328125,146.55030822753906,145.95963592529296,144.42117309570312,141.56582458496095,144.85124282836915,138.75096824645996
2023-03-29,56.945687857066616,A,147.9020233154297,147.3609619140625,146.32845458984374,144.5489501953125,141.730576171875,144.96142105102538,138.81950309753418
2023-03-30,56.73631111441617,A,147.8271484375,147.85147399902343,146.5737106323242,144.71463775634766,141.90300354003907,145.05137786865234,138.87906936645507
2023-03-31,55.65508508031815,A,149.18446350097656,148.10421752929688,147.05579681396483,144.86956100463868,142.08610290527344,145.15082794189453,138.93228103637696
2023-04-03,55.80994521657206,A,150.16737365722656,148.6434112548828,147.45831756591798,145.11013717651366,142.30833068847656,145.24545593261718,138.98676956176757
2023-04-04,55.82240239043593,A,149.56826782226562,148.9298553466797,147.74008178710938,145.4307487487793,142.53467651367188,145.32203842163085,139.04121826171874
2023-04-05,56.56887032919867,A,150.52308654785156,149.45406799316407,148.4075149536133,145.95495986938477,142.7782470703125,145.4190184020996,139.09293815612793
2023-04-06,58.120144062455374,A,151.2251434326172,150.1336669921875,148.99257049560546,146.6195831298828,143.04316009521483,145.52032958984375,139.15262466430664
2023-04-07,58.894955562639154,A,151.2251434326172,150.54180297851562,149.32301025390626,147.17374725341796,143.32904174804688,145.5954917907715,139.20940086364746
2023-04-10,58.9036395914621,A,150.97238159179688,150.7028045654297,149.67310791015626,147.61043243408204,143.62166290283204,145.64837524414062,139.2649132537842
2023-04-11,58.85549078396508,A,151.06600952148438,151.00235290527343,149.96610412597656,147.96287002563477,143.8768408203125,145.67734420776367,139.32030288696288
2023-04-12,58.23775613664489,A,151.98336791992188,151.2944091796875,150.37423858642578,148.35134658813476,144.17189605712892,145.71919586181642,139.38664527893067
2023-04-13,57.94509465893841,A,153.69326782226562,151.78803405761718,150.96085052490236,148.76728057861328,144.53409942626953,145.77814651489257,139.46394706726073
2023-04-14,57.759580899261636,A,152.65411376953125,152.073828125,151.3078155517578,149.18180618286132,144.86877990722655,145.82457275390624,139.53218795776368
2023-04-17,57.65832325685829,A,152.2667694091797,152.33270568847655,151.51775512695312,149.48803634643554,145.19908355712892,145.87816024780273,139.59676429748535
2023-04-18,57.20361094600528,A,150.7646942138672,152.27244262695314,151.63739776611328,149.68873977661133,145.49709899902345,145.91885971069337,139.6573314666748
2023-04-19,56.94731712177286,A,152.2951202392578,152.3347930908203,151.8146011352539,150.1110580444336,145.83564575195314,145.94723083496095,139.7269603729248
2023-04-20,55.571489551346524,A,152.79580688476562,152.15530090332032,151.97166748046874,150.48211898803712,146.10763397216797,145.97643585205077,139.8004695892334
2023-04-21,54.65502099713621,A,153.42877197265625,152.31023254394532,152.19203033447266,150.75752029418945,146.32956329345703,145.99314697265626,139.86254859924315
2023-04-24,54.953931795173425,A,155.00640869140625,152.85816040039063,152.5954330444336,151.13427047729493,146.5515930175781,146.02303817749024,139.95110389709473
2023-04-25,56.46346405189103,A,155.7810516357422,153.86143188476564,153.0669372558594,151.51652069091796,146.81045837402343,146.06271575927735,140.0427522277832
2023-04-26,55.82460227960849,A,152.8524932861328,153.97290649414063,153.15384979248046,151.76404418945313,147.03939697265625,146.057529296875,140.1291665649414
2023-04-27,49.866794829752614,P,140.63751220703125,151.54124755859374,151.84827423095703,151.4045623779297,147.05268005371093,145.92472213745117,140.15423065185547
2023-04-28,44.91741341852384,P,142.76307678222656,149.40810852050782,150.85917053222656,151.0834930419922,147.0751495361328,145.8403399658203,140.1866178894043
2023-05-01,39.792162982067445,P,145.20986938476562,147.44880065917968,150.15348052978516,150.83561782836915,147.14655487060546,145.7594692993164,140.22320724487304
2023-05-02,33.26530008237889,P,143.23544311523438,144.93967895507814,149.4005554199219,150.51897659301758,147.16555389404297,145.66376892089843,140.24694129943848
2023-05-03,27.48586377606269,P,140.9965057373047,142.5684814453125,148.27069396972655,150.04264755249022,147.1646743774414,145.54503005981445,140.25819541931153
2023-05-04,28.266777463807262,P,139.21102905273438,142.28318481445314,146.91221618652344,149.4419418334961,147.10187469482423,145.42475631713867,140.2669477081299
2023-05-05,28.392175011847332,B,139.84396362304688,141.6993621826172,145.5537353515625,148.87288284301758,147.03975158691406,145.33510665893556,140.307504196167
2023-05-08,27.082543751999683,B,139.29603576660156,140.51659545898437,143.98269805908203,148.2890655517578,146.93727691650392,145.23061248779297,140.36042114257813
2023-05-09,26.585807479028038,B,138.7103271484375,139.611572265625,142.27562561035157,147.67128143310546,146.83020263671875,145.1286993408203,140.4096292114258
2023-05-10,27.073830568844684,B,138.32301330566406,139.07687377929688,140.8226776123047,146.98826370239257,146.68973327636718,145.00779830932618,140.45318313598634
2023-05-11,28.252976003464028,B,138.48358154296875,138.93138427734374,140.60728454589844,146.22777938842773,146.56913696289064,144.87867385864257,140.50800441741944
2023-05-12,29.178578051899105,B,139.01260375976562,138.7651123046875,140.23223724365235,145.54570388793945,146.42766906738282,144.75641586303712,140.56950965881347
2023-05-15,30.409380693828734,B,138.48358154296875,138.60262145996094,139.55960845947266,144.8565444946289,146.29022369384765,144.62886764526368,140.61781356811522
2023-05-16,30.77923253034922,B,135.3660888671875,137.93377380371095,138.77267303466797,144.08661422729492,146.13442474365235,144.47116470336914,140.65094291687012
2023-05-17,31.313839364435808,B,135.42276000976562,137.35372314453124,138.21529846191407,143.2429962158203,146.04210266113282,144.321075592041,140.68118881225587
2023-05-18,30.550354051068194,B,135.50779724121094,136.7585662841797,137.84497528076173,142.37859573364258,145.9936050415039,144.16877685546876,140.70662773132324
2023-05-19,30.24638590351597,B,137.08544921875,136.37313537597657,137.56912384033203,141.56142959594726,145.93247680664064,144.04106384277344,140.73756828308106
2023-05-22,30.182961470072467,B,136.88705444335938,136.0538299560547,137.3282257080078,140.65546188354492,145.8254443359375,143.91136688232422,140.76893966674805
2023-05-23,30.284187117323583,B,134.63868713378906,135.908349609375,136.92106170654296,139.59834365844728,145.6378729248047,143.75204635620116,140.78787574768066
2023-05-24,29.66962635186478,B,133.3444366455078,135.49268493652343,136.42320404052734,138.62294082641603,145.4204849243164,143.56763565063477,140.80543533325195
2023-05-25,28.618380771693126,B,130.95433044433594,134.58199157714844,135.67027893066407,138.13878173828124,145.13207977294923,143.3611787414551,140.81173278808595
2023-05-26,26.15959498935229,B,129.9529571533203,133.1554931640625,134.76431427001953,137.49827575683594,144.84386688232422,143.11633361816405,140.81045310974122
2023-05-29,23.929854283341445,B,129.9529571533203,131.7686737060547,133.9112518310547,136.73543014526368,144.52008270263673,142.91683227539062,140.81610389709473
2023-05-30,22.821930090154112,B,128.8948974609375,130.6199157714844,133.26413269042968,136.01840286254884,144.16296813964843,142.72548110961915,140.82252269744873
2023-05-31,23.360659554984235,B,130.33082580566406,130.01719360351564,132.75493927001952,135.4851188659668,143.89260955810548,142.57139266967772,140.8412156677246
2023-06-01,22.6433373664096,B,126.06078338623048,129.03848419189453,131.81023788452148,134.8276065826416,143.50633346557618,142.40708625793457,140.83204105377197
2023-06-02,24.218779240930385,B,129.30113220214844,128.90811920166016,131.03180618286132,134.30046501159669,143.13394119262696,142.26226524353027,140.85274543762208
2023-06-05,25.85666137183814,B,129.2916717529297,128.77586212158204,130.27226791381835,133.80024681091308,142.7703465270996,142.1173496246338,140.87633975982666
2023-06-06,26.906357977631128,B,127.94074249267578,128.58503112792968,129.60247344970702,133.261767578125,142.3664404296875,141.96613250732423,140.8939139175415
2023-06-07,27.280347474659553,B,128.9515838623047,128.3091827392578,129.1631881713867,132.79319610595704,141.987431640625,141.85900390625,140.92154499053956
2023-06-08,30.320660892841726,B,130.02853393554688,129.10273284912108,129.07060852050782,132.37044372558594,141.63145935058594,141.7672314453125,140.9362480163574
2023-06-09,31.859053184527266,B,130.5386505126953,129.35023651123046,129.12917785644532,131.9467460632324,141.25854309082033,141.67232299804687,140.96346126556398
2023-06-12,33.12930375019693,B,130.11355590820312,129.51461334228514,129.1452377319336,131.52824478149415,140.85746673583984,141.5828987121582,140.98854904174806
2023-06-13,35.39700727084129,B,130.66146850585938,130.0587585449219,129.32189483642577,131.29301376342772,140.47933074951172,141.5070036315918,141.01036392211915
2023-06-14,35.76655737523364,B,128.69650268554688,130.00774230957032,129.15846252441406,130.9567008972168,140.04279907226564,141.41052307128905,141.0172134399414
2023-06-15,34.98871243070953,C,128.37530517578125,129.67709655761718,129.38991470336913,130.6000762939453,139.58580230712892,141.31448120117187,141.01414978027344
2023-06-16,35.06799748104165,C,130.97323608398438,129.764013671875,129.55712509155273,130.29446563720703,139.18076416015626,141.25490295410157,141.01994506835936
2023-06-19,35.39463992046711,C,130.97323608398438,129.93594970703126,129.72528152465821,129.99877471923827,138.78078125,141.201222076416,141.0219766998291
2023-06-20,34.843303860766746,B,130.19857788085938,129.84337158203124,129.95106506347656,129.7767692565918,138.3634326171875,141.12013671875,141.03716281890868
2023-06-21,35.38898558414156,B,129.2916717529297,129.9624053955078,129.98507385253907,129.5741310119629,137.90959869384767,141.04074737548828,141.04313297271727
2023-06-22,36.11622533799065,C,129.81126403808594,130.24959716796874,129.96334686279297,129.5169776916504,137.43195861816406,140.98302902221678,141.03811573028565
2023-06-23,35.18672118892258,B,128.40365600585938,129.73568115234374,129.74984741210938,129.43951263427735,136.94694946289061,140.9078646850586,141.01894634246827
2023-06-26,33.87779146637358,B,127.48726654052734,129.03848724365236,129.4872184753418,129.31622810363768,136.45135940551756,140.82522148132324,141.00162048339843
2023-06-27,31.875001384795322,B,125.26725769042967,128.0522232055664,128.9477973937988,129.1348461151123,135.94141067504881,140.71925483703615,140.97727951049805
2023-06-28,30.22114491105629,B,125.1822280883789,127.23033447265625,128.59636993408202,128.87741622924804,135.39915283203126,140.6173992919922,140.95921436309814
2023-06-29,28.652572939903532,B,125.86239624023438,126.44056091308593,128.34507904052734,128.86749687194825,134.86048461914064,140.4840592956543,140.93215785980226
2023-06-30,28.22426212692361,B,127.27944946289062,126.2157196044922,127.97570037841797,128.76641273498535,134.3374981689453,140.33353073120117,140.91195720672607
2023-07-03,28.25183445891585,B,127.54395294189452,126.22705688476563,127.63277206420898,128.67902679443358,133.78824905395507,140.1699210357666,140.90156982421874
2023-07-04,29.522467161815573,B,127.54395294189452,126.6823959350586,127.3673095703125,128.65918731689453,133.22350708007812,140.0169827270508,140.88884181976317
2023-07-05,31.889278560132652,B,130.0096435546875,127.64787902832032,127.43910675048828,128.71209030151368,132.7666500854492,139.90302352905275,140.87522396087647
2023-07-06,34.34489976577535,B,129.66009521484375,128.40741882324218,127.42398986816406,128.69366836547852,132.54710174560546,139.7998908996582,140.8684870529175
2023-07-07,35.92235611038542,B,128.00686645507812,128.5529022216797,127.38431091308594,128.56707916259765,132.2519775390625,139.66356353759767,140.89254196166993
2023-07-10,36.71493528739135,B,127.05274963378906,128.45466156005858,127.3408592224121,128.41403884887694,131.88883514404296,139.51769500732422,140.89296264648436
2023-07-11,37.6259251132142,C,128.072998046875,128.5604705810547,127.62143325805664,128.28461532592775,131.5855862426758,139.37557006835937,140.88164070129395
2023-07-12,36.96662167526225,C,127.515625,128.0616668701172,127.85477294921876,128.2255714416504,131.3159686279297,139.24032150268556,140.8613816833496
2023-07-13,36.09825619038295,B,127.6015853881836,127.64996490478515,128.02869186401367,128.1868854522705,131.08377975463867,139.09282722473145,140.85550510406495
2023-07-14,36.88353311006336,B,129.9130859375,128.03120880126954,128.29205551147462,128.13387794494628,130.88516220092774,138.9624568939209,140.86820827484132
2023-07-17,37.868851854773965,B,128.7860107421875,128.37786102294922,128.4162612915039,128.02451667785644,130.67496170043944,138.8061193084717,140.87734134674074
2023-07-18,38.86891599542566,C,130.45755004882812,128.85477142333986,128.70762100219727,128.03746528625487,130.50990615844728,138.67005439758302,140.8801452255249
2023-07-19,40.570852401423565,C,131.5082550048828,129.6532974243164,128.85748214721679,128.14829444885254,130.37361099243165,138.5316721343994,140.8952248764038
2023-07-20,43.88960975174198,C,135.81610107421875,131.29620056152345,129.47308273315429,128.44853630065919,130.32026138305665,138.44469917297363,140.91167537689208
2023-07-21,46.81289023289736,C,137.29661560058594,132.7729064941406,130.40205764770508,128.8931842803955,130.28594161987306,138.35680534362794,140.93543575286864
2023-07-24,50.24812517242003,C,136.76170349121094,134.3680450439453,131.37295303344726,129.35690612792968,130.2515040588379,138.2708638763428,140.94970600128173
2023-07-25,52.49333806401105,C,135.2811737060547,135.33276977539063,132.09377059936523,129.85760192871095,130.24980575561523,138.1921152496338,140.95569271087646
2023-07-26,54.56228839340553,C,135.53907775878906,136.13893432617186,132.89611587524413,130.37544441223145,130.2521321105957,138.14711738586425,140.96978450775146
2023-07-27,57.2702505774512,A,142.17755126953125,137.41122436523438,134.3537124633789,131.1912021636963,130.3855271911621,138.189566116333,141.0179959487915
2023-07-28,59.43292499610948,A,144.08787536621094,138.76947631835938,135.77119140625,132.0316234588623,130.52557571411134,138.22902626037597,141.05661083221435
2023-07-31,60.907441608849894,A,142.87481689453125,139.99209899902343,137.18007202148436,132.79816665649415,130.64533096313477,138.23538764953614,141.07140308380127
2023-08-01,62.630319688629505,A,141.8814239501953,141.31214904785156,138.32245941162108,133.5150402069092,130.79018569946288,138.2140293121338,141.08618923187257
2023-08-02,64.13007870461786,A,142.6837921142578,142.7410919189453,139.44001312255858,134.14874763488768,130.9769728088379,138.19872886657714,141.09251552581787
2023-08-03,61.749425879064404,A,142.36859130859375,142.7792999267578,140.0952621459961,134.7841724395752,131.20525802612303,138.16866889953613,141.09267566680907
2023-08-04,58.83143349502273,A,141.10772705078125,142.1832702636719,140.47637329101562,135.43921546936036,131.42835342407227,138.13611015319825,141.11383975982665
2023-08-07,57.90548437372916,A,143.5911865234375,142.32654418945313,141.1593215942383,136.26613731384276,131.70111801147462,138.11060035705566,141.15303104400635
2023-08-08,57.22569393215897,A,142.91302490234375,142.53286437988282,141.9225067138672,137.0081386566162,131.98148056030274,138.07222434997558,141.18646709442137
2023-08-09,57.08792998017509,A,144.011474609375,142.79840087890625,142.76974639892578,137.83293113708496,132.25509353637696,138.07385154724122,141.23647609710693
2023-08-10,58.203091861943875,A,144.6514434814453,143.25497131347657,143.0171356201172,138.68542404174804,132.62690673828126,138.06662010192872,141.2901487350464
2023-08-11,59.67447145040356,A,145.3582763671875,144.1050811767578,143.14417572021483,139.45768356323242,132.94804962158204,138.0409954071045,141.34336833953859
2023-08-14,59.576792786060366,A,145.44422912597656,144.47568969726564,143.40111694335937,140.29059448242188,133.27110076904296,138.02072364807128,141.3839430618286
2023-08-15,59.594559618710974,A,145.3009490966797,144.95327453613282,143.74306945800782,141.03276443481445,133.61830490112305,137.99237266540527,141.4218077468872
2023-08-16,58.500471584425554,A,144.75650024414062,145.10227966308594,143.9503402709961,141.69517669677734,133.93440322875978,137.9609174346924,141.4611692428589
2023-08-17,56.399919420801744,A,143.2950897216797,144.8310089111328,144.0429901123047,142.0691261291504,134.1997343444824,137.91559684753418,141.48348735809327
2023-08-18,54.35926716550406,A,143.4097137451172,144.44129638671876,144.27318878173827,142.37478103637696,134.45715560913087,137.8578493499756,141.50433864593506
2023-08-21,52.20428441086875,A,143.42881774902344,144.03821411132813,144.25695190429687,142.70813674926757,134.72346084594727,137.79046379089357,141.51795986175537
2023-08-22,49.33894028837915,A,141.59486389160156,143.2969970703125,144.12513580322266,143.02382125854493,134.9421287536621,137.7107297515869,141.5163840866089
2023-08-23,46.59687494022791,P,140.4868927001953,142.44307556152344,143.77267761230468,143.27121200561524,135.17793655395508,137.61036781311034,141.51469310760498
2023-08-24,44.444924899145654,P,140.0570526123047,141.79546813964845,143.31323852539063,143.1651870727539,135.41157150268555,137.49868690490723,141.5095082473755
2023-08-25,41.9739056591016,B,140.11436462402344,141.1363983154297,142.78884735107422,142.96651153564454,135.59439407348634,137.38757911682129,141.4915354537964
2023-08-28,40.13133022109851,B,140.82118225097656,140.6148712158203,142.32654266357423,142.86382980346679,135.79135299682616,137.2860671234131,141.46722118377684
2023-08-29,39.32560978844247,B,140.97402954101562,140.49070434570314,141.89385070800782,142.8184600830078,136.0068620300293,137.1851473236084,141.43124576568604
2023-08-30,39.45957795536095,B,141.6713104248047,140.727587890625,141.58533172607423,142.76783599853516,136.25445480346679,137.08202674865723,141.40061130523682
2023-08-31,39.73055275797584,B,140.3722686767578,140.79063110351564,141.29304962158204,142.66801986694335,136.46567489624024,136.94881675720214,141.36348163604737
2023-09-01,41.182904015469425,B,141.55665588378906,141.07908935546874,141.1077438354492,142.69046630859376,136.72873489379882,136.83784217834472,141.33120746612548
2023-09-04,42.114694455590886,B,141.55665588378906,141.22618408203124,140.92052764892577,142.58873977661133,137.01012268066407,136.73074104309083,141.30445064544676
2023-09-05,42.190244206942445,B,139.5508270263672,140.94154357910156,140.71612396240235,142.4206298828125,137.29579406738281,136.61860237121581,141.26873104095458
2023-09-06,41.327599260078664,B,139.08277893066406,140.42383728027343,140.57571258544922,142.17419509887696,137.57380508422852,136.48647895812988,141.2168548965454
2023-09-07,42.4546272516258,B,142.23486328125,140.79635620117188,140.79349365234376,142.0533660888672,137.90125442504882,136.3808695220947,141.17865268707274
2023-09-08,42.49862189352411,B,142.33993530273438,140.95301208496093,141.01605072021485,141.90244903564454,138.2024641418457,136.2699811553955,141.13156406402587
2023-09-11,42.56379507188419,B,142.35902404785156,141.11348571777344,141.16983489990236,141.7481887817383,138.49876556396484,136.14350730895995,141.0832727432251
2023-09-12,43.477036089421716,C,142.57872009277344,141.71906433105468,141.33030395507814,141.61207733154296,138.79946090698243,136.01148399353028,141.0370998764038
2023-09-13,45.62693792786535,C,144.3839874267578,142.77930603027343,141.60157165527343,141.59345169067382,139.08694778442384,135.92679893493653,140.99216411590575
2023-09-14,47.64958586415793,C,146.75282287597656,143.68289794921876,142.2396270751953,141.76633834838867,139.4288023376465,135.987952041626,140.95633708953858
2023-09-15,49.32795482403586,C,145.3009490966797,144.2751007080078,142.6140563964844,141.86090011596679,139.7746839904785,136.0133307647705,140.9268353652954
2023-09-18,51.81915658399856,C,147.0393829345703,145.21117248535157,143.1623291015625,142.04142837524415,140.17441665649415,136.03162590026855,140.89554759979248
2023-09-19,54.13109536193759,A,146.60955810546875,146.01734008789063,143.86820220947266,142.2921630859375,140.54514785766602,136.0653670501709,140.86456798553468
2023-09-20,55.71505419804603,A,146.7241668701172,146.4853759765625,144.63234100341796,142.6040267944336,140.92931869506836,136.122643661499,140.83383686065673
2023-09-21,55.33545021352804,A,146.55223083496094,146.44525756835938,145.06407775878907,142.9287857055664,141.3083316040039,136.1960556793213,140.81040599822998
2023-09-22,55.48384266124325,A,145.89317321777344,146.56370239257814,145.41940155029297,143.2177261352539,141.62793334960938,136.25654777526856,140.79582721710204
2023-09-25,55.560124369825,A,147.717529296875,146.69933166503907,145.95525207519532,143.56254348754882,142.00656372070313,136.34076271057128,140.78568759918213
2023-09-26,55.13889923067796,A,147.01072692871094,146.7795654296875,146.39845275878906,143.8643783569336,142.33762725830078,136.42376670837402,140.77623302459716
2023-09-27,53.96731693029633,A,146.26568603515625,146.6878692626953,146.5866226196289,144.09409713745117,142.63277587890624,136.50319343566895,140.75549587249756
2023-09-28,52.57749408040493,A,145.42514038085938,146.462451171875,146.4538543701172,144.34674072265625,142.82495666503905,136.57260902404786,140.7256414413452
2023-09-29,50.025481623986416,A,142.3781280517578,145.7594421386719,146.161572265625,144.3878143310547,142.9265869140625,136.60626426696777,140.68134006500244
2023-10-02,46.16468340692574,P,141.60443115234375,144.5368225097656,145.61807708740236,144.39020309448242,143.02344146728515,136.6374727630615,140.6331702041626
2023-10-03,42.79145947702073,P,140.82118225097656,143.29891357421874,145.03923950195312,144.4537208557129,143.1342416381836,136.6920236968994,140.58159420013428
2023-10-04,40.361751011231,P,141.0695343017578,142.25968322753906,144.4737762451172,144.55305862426758,143.24485076904296,136.74849143981933,140.53478351593017
2023-10-05,38.11963133700333,P,140.8402862548828,141.34271240234375,143.90258178710937,144.48332977294922,143.21810546875,136.80181632995607,140.48529659271242
2023-10-06,37.89820308617477,P,141.59486389160156,141.1860595703125,143.47275085449218,144.4460762023926,143.1682452392578,136.84691047668457,140.443987159729
2023-10-09,38.778421092058984,P,142.42588806152344,141.35035095214843,142.94358673095704,144.44941940307618,143.15926666259764,136.9022988128662,140.4068328475952
2023-10-10,39.68988182481322,P,142.2157440185547,141.62926330566407,142.4640884399414,144.43127059936523,143.16595306396485,136.97806938171388,140.3650578689575
2023-10-11,40.4107800987822,B,142.6455535888672,141.94446716308593,142.1020751953125,144.3443489074707,143.16518829345702,137.07108055114747,140.31935810089112
2023-10-12,41.97495899702833,B,143.07005310058594,142.39042053222656,141.86656646728517,144.16021041870118,143.17921752929686,137.19223777770995,140.2767082595825
2023-10-13,43.021548389801076,P,142.74205017089844,142.61985778808594,141.90295867919923,144.03226547241212,143.21190399169922,137.32012870788574,140.2182311630249
2023-10-16,43.24756643900596,P,142.03778076171875,142.542236328125,141.94629364013673,143.78218536376954,143.18083587646484,137.44097694396973,140.1789046096802
2023-10-17,44.43491027462684,P,143.91900634765625,142.8828887939453,142.25607604980468,143.6476577758789,143.2009555053711,137.5912180328369,140.15834957122803
2023-10-18,45.47932133310064,A,144.0155029296875,143.15687866210936,142.55067291259766,143.51222457885743,143.20103607177734,137.72806480407715,140.14972873687745
2023-10-19,44.875357550072295,C,140.3881072998047,142.62048950195313,142.50545501708984,143.20401840209962,143.11576934814454,137.8713380432129,140.13921215057374
2023-10-20,44.20478640817729,B,141.07305908203125,142.28669128417968,142.45327453613282,142.9630126953125,143.0300650024414,137.9890573120117,140.125661277771
2023-10-23,43.193296024839874,B,139.62596130371094,141.80432739257813,142.17328186035155,142.5584342956543,142.9136996459961,138.09240020751952,140.10487491607665
2023-10-24,41.63119074195237,B,141.15025329589844,141.25057678222657,142.06673278808594,142.26541061401366,142.83068572998047,138.22449531555176,140.09531391143798
2023-10-25,39.81006696046055,B,140.13726806640625,140.4749298095703,141.81590423583984,141.95898971557617,142.7383010864258,138.33635215759278,140.0976780319214
2023-10-26,39.934012969659186,B,140.0793914794922,140.4131866455078,141.51683807373047,141.69170227050782,142.67398712158203,138.43686073303223,140.10204608917238
2023-10-27,37.32168620554683,B,134.03050231933594,139.00467529296876,140.64568328857422,141.27432098388672,142.4864028930664,138.47177925109864,140.07205112457277
2023-10-30,37.18374864953236,B,136.88609313964844,138.45670166015626,140.1305145263672,141.03840408325195,142.35554840087892,138.53950462341308,140.06120166778564
2023-10-31,35.898531464930834,B,136.20114135742188,137.46687927246094,139.35872802734374,140.80740203857422,142.24767395019532,138.5949013519287,140.05095249176026
2023-11-01,35.77117529707022,B,137.44564819335938,136.92855529785157,138.70174255371094,140.6262077331543,142.1868490600586,138.68239280700683,140.04645793914796
2023-11-02,35.886892190688265,B,138.20779418945312,136.55423583984376,138.48371124267578,140.4945831298828,142.14986389160157,138.78071769714356,140.0475994491577
2023-11-03,38.46671566991532,B,136.4326629638672,137.03466796875,138.01967163085936,140.2364730834961,142.07622985839845,138.8353119659424,140.04510746002197
2023-11-06,38.93726102923715,B,136.22044372558594,136.9015380859375,137.6791198730469,139.92620086669922,141.98421508789062,138.8877840423584,140.0445030593872
2023-11-07,40.278668652356274,B,137.14659118652344,137.09062805175782,137.27875366210938,139.67274322509766,141.9076663208008,138.95726417541505,140.03870044708253
2023-11-08,40.68619665180533,B,137.02117919921875,137.0057342529297,136.96714477539064,139.39152450561522,141.81466369628907,139.03455924987793,140.03765331268312
2023-11-09,38.53227643855002,B,133.17185974121094,135.99854736328126,136.2763916015625,138.8966148376465,141.67065551757813,139.06816520690919,140.025597114563
2023-11-10,37.6591093303369,B,133.70249938964844,135.4525146484375,136.24359130859375,138.44463729858398,141.51357238769532,139.12115364074708,140.01450916290284
2023-11-13,37.071295216676845,B,133.750732421875,134.9585723876953,135.9300552368164,138.0302848815918,141.35745391845703,139.18378829956055,140.0045048904419
2023-11-14,35.89956085671028,B,133.19119262695312,134.16749267578126,135.62906036376953,137.49389419555663,141.23026123046876,139.26302764892577,139.99114124298094
2023-11-15,34.57445040293582,B,132.74742126464844,133.3127410888672,135.15923767089845,136.93049011230468,141.10355407714843,139.33867958068848,139.97803943634034
2023-11-16,35.70374610102009,B,133.40342712402344,133.3590545654297,134.67880096435547,136.5812561035156,140.9269253540039,139.41408988952637,139.94907459259034
2023-11-17,35.595444633724604,B,133.42271423339844,133.3030975341797,134.3778060913086,136.198738861084,140.7485809326172,139.47552253723146,139.9045266342163
2023-11-20,35.68437508358858,B,133.432373046875,133.2394256591797,134.0989990234375,135.8890594482422,140.57004791259766,139.53440673828126,139.85216388702392
2023-11-21,36.1112839441162,B,133.83755493164062,133.3686981201172,133.76809539794922,135.5234245300293,140.395224609375,139.5973427581787,139.80716274261474
2023-11-22,36.69969693678547,B,133.58673095703125,133.53656005859375,133.42465057373047,135.19589767456054,140.17927947998047,139.63311363220214,139.76806858062744
2023-11-23,36.85027532378081,B,133.58673095703125,133.5732208251953,133.4661376953125,134.8712646484375,139.91595764160155,139.67237998962403,139.73613544464112
2023-11-24,37.710530816964614,B,133.77967834472656,133.64461364746094,133.4738555908203,134.85872344970704,139.6855322265625,139.7301081085205,139.69683582305908
2023-11-27,38.41589642560802,B,134.1848602294922,133.79511108398438,133.51726837158202,134.72366180419922,139.42844177246093,139.80142921447754,139.65956211090088
2023-11-28,38.6083789843997,B,133.2104949951172,133.6696990966797,133.51919860839843,134.574129486084,139.1604605102539,139.85280418395996,139.61418712615966
2023-11-29,39.14321644773247,C,133.6156463623047,133.67548217773438,133.60602111816405,134.38262939453125,138.89829010009765,139.91380439758302,139.5770629501343
2023-11-30,40.96297118949554,C,137.3684844970703,134.43183288574218,134.00252685546874,134.3406639099121,138.71461517333984,140.01147338867187,139.55215030670166
2023-12-01,42.667912323074084,C,138.35252380371094,135.34640197753907,134.4955078125,134.4366569519043,138.5638021850586,140.09586776733397,139.52916233062743
2023-12-04,44.64530574575334,C,139.06642150878906,136.32271423339844,135.0589126586914,134.57895584106444,138.39078002929688,140.198671875,139.50239559173585
2023-12-05,47.24365680727143,C,139.4716033935547,137.57493591308594,135.6223175048828,134.69520645141603,138.23999755859376,140.28881240844726,139.47943340301515
2023-12-06,50.325899691130964,C,141.2177734375,139.095361328125,136.3854217529297,134.90503616333007,138.13903930664063,140.38590759277344,139.45878986358642
2023-12-07,52.24336943147207,C,142.75169372558594,140.17200317382813,137.30191802978516,135.38402786254883,138.08557037353515,140.45526351928712,139.44998134613036
2023-12-08,54.10891514149137,C,144.0155029296875,141.30459899902343,138.32550048828125,135.8996780395508,138.11831787109375,140.52245239257812,139.43962886810303
2023-12-11,56.60710633316314,C,145.90638732910156,142.67259216308594,139.49765319824218,136.5074607849121,138.2043569946289,140.61389923095703,139.4423815536499
2023-12-12,60.07278201426962,A,147.83584594726562,144.34544067382814,140.96018829345704,137.23969345092775,138.3446502685547,140.73944595336914,139.46578060150148
2023-12-13,63.133144743835096,A,148.85845947265625,145.8735778808594,142.48446960449218,138.0452453613281,138.50042877197265,140.87263977050782,139.50987857818603
2023-12-14,65.24390865933226,A,149.4180145263672,147.20684204101562,143.68942260742188,138.84597473144532,138.67198333740234,140.94504440307617,139.5673052597046
2023-12-15,66.08333249742367,A,148.6076202392578,148.1252655029297,144.71493225097657,139.60522003173827,138.81223846435546,140.99024185180664,139.6096340560913
2023-12-18,65.43227705070571,A,148.00950622558594,148.54588928222657,145.60924072265624,140.33407669067384,138.92391082763672,141.0415887451172,139.63848819732667
2023-12-19,63.349910699612344,A,148.18316650390625,148.6153533935547,146.48039703369142,141.0513572692871,139.04325927734374,141.1046061706543,139.65931774139403
2023-12-20,59.75262345479291,A,146.3404998779297,148.11176147460938,146.99266967773437,141.68904571533204,139.117158203125,141.141173248291,139.66995105743408
2023-12-21,56.84220185439535,A,147.20875549316406,147.66990966796874,147.4383758544922,142.37014694213866,139.19993225097656,141.18957489013673,139.6791218948364
2023-12-22,55.895140701070396,A,149.47589111328125,147.84356384277345,147.98441467285156,143.15495758056642,139.3346090698242,141.27325653076173,139.70468334197997
2023-12-25,55.35204168354087,A,149.47589111328125,148.1368408203125,148.34136505126952,143.91950912475585,139.48337127685548,141.33210357666016,139.72135196685792
2023-12-26,54.703624721695526,A,149.16717529296875,148.333642578125,148.47449798583983,144.71734313964845,139.5883346557617,141.39464508056642,139.733434715271
2023-12-27,55.55264537824803,A,149.4180145263672,148.9491455078125,148.53045349121095,145.50746154785156,139.6963848876953,141.44871047973632,139.76128101348877
2023-12-28,55.88082524997689,A,149.29258728027344,149.36591186523438,148.51791076660157,146.10366668701172,139.8744744873047,141.49512191772462,139.78087100982665
2023-12-29,54.721155569659224,A,149.50482177734375,149.37169799804687,148.60763092041014,146.66128158569336,140.04310974121094,141.53658737182616,139.78879138946533
2024-01-01,53.93799254356722,A,149.50482177734375,149.3774841308594,148.75716247558594,147.1832015991211,140.2406869506836,141.57719329833984,139.79895847320557
2024-01-02,55.553375111865336,A,154.18380737304688,150.380810546875,149.3572265625,147.9188117980957,140.50135803222656,141.66602188110352,139.8291972732544
2024-01-03,57.259419057456306,A,154.80123901367188,151.45745544433595,150.20330047607422,148.5979850769043,140.79463745117187,141.76646926879883,139.8636933517456
2024-01-04,59.697485958362584,A,155.76597595214844,152.75213317871095,151.05902252197265,149.24869918823242,141.108369140625,141.89117813110352,139.90338748931885
2024-01-05,62.72383221582027,A,156.42198181152344,154.13556518554688,151.75363159179688,149.86902313232423,141.55619873046874,142.0213008117676,139.93957508087158
2024-01-08,65.00044636759323,A,155.7370147705078,155.3820037841797,152.37974395751954,150.36055450439454,141.93321716308594,142.14438278198242,139.967423286438
2024-01-09,65.01815742064065,A,156.58596801757812,155.86243591308593,153.12162322998046,150.79806060791014,142.34091369628905,142.29429382324219,140.00251178741456
2024-01-10,65.53294280139063,A,159.0749969482422,156.7171875,154.08732147216796,151.30888748168945,142.77350067138673,142.48017486572266,140.0452713394165
2024-01-11,65.02990470510042,A,158.00413513183594,157.1648193359375,154.9584762573242,151.7381935119629,143.16942749023437,142.65964569091796,140.0791662979126
2024-01-12,64.4362503975132,A,158.16970825195312,157.51436462402344,155.82496490478516,152.21629791259767,143.60416839599608,142.84019912719725,140.11388912200928
2024-01-15,64.6268383795036,A,158.16970825195312,158.0009033203125,156.6914535522461,152.72430801391602,144.04315368652342,143.01368438720704,140.14987575531006
2024-01-16,63.98447738264846,A,157.27366638183594,158.13844299316406,157.000439453125,153.1788330078125,144.4456951904297,143.17668075561522,140.18091403961182
2024-01-17,62.383052686410316,A,157.819091796875,157.88726196289062,157.3022247314453,153.75276260375978,144.86165344238282,143.33815856933595,140.2100926589966
2024-01-18,62.22075177277137,A,159.0462646484375,158.09568786621094,157.63025360107423,154.34463806152343,145.37914154052734,143.52489852905273,140.23685764312745
2024-01-19,62.28499040436703,A,160.47796630859375,158.55733947753907,158.03585205078124,154.89474182128907,145.91465087890626,143.71411163330077,140.27597690582274
2024-01-22,62.57327148979474,A,161.0818328857422,159.13976440429687,158.5703338623047,155.47503890991212,146.4612728881836,143.9093634033203,140.32005222320558
2024-01-23,65.10684599612644,A,163.13687133789062,160.31240539550782,159.22542419433594,156.17352371215821,147.06018646240236,144.14522384643556,140.38191310882567
2024-01-24,65.90163322527013,A,159.9423065185547,160.73704833984374,159.3121551513672,156.6997383117676,147.60408416748047,144.35381912231446,140.42014904022216
2024-01-25,66.11968524492725,A,160.82859802246094,161.09351501464843,159.5946014404297,157.27653884887695,148.15258758544923,144.53975646972657,140.46031299591064
2024-01-26,65.40689534543777,A,160.1175994873047,161.0214416503906,159.78939056396484,157.807177734375,148.68648529052734,144.71753311157227,140.49375713348388
2024-01-29,63.97418857524275,A,159.64039611816406,160.733154296875,159.93645935058595,158.313956451416,149.21064575195314,144.89034683227538,140.51692707061767
2024-01-30,61.2005870817151,A,160.62405395507812,160.2305908203125,160.27149810791016,158.63596878051757,149.74637573242188,145.07080017089845,140.54114208221435
2024-01-31,60.40256152327793,A,160.1175994873047,160.2656494140625,160.50134887695313,158.90178680419922,150.27699310302734,145.22813629150392,140.57746761322022
2024-02-01,60.90647598966738,A,163.22451782226562,160.74483337402344,160.91917419433594,159.27471389770508,150.86974884033202,145.3928532409668,140.69040264129637
2024-02-02,62.34376172525606,A,164.27638244628906,161.57658996582032,161.29901580810548,159.66743392944335,151.47968292236328,145.58260757446288,140.7979691696167
2024-02-05,65.15606434394299,A,166.79891967773438,163.00829467773437,161.8707244873047,160.22052917480468,152.13196411132813,145.78020294189454,140.90591442108155
2024-02-06,68.77399752559732,A,168.7760467529297,164.6386932373047,162.43464202880858,160.83003311157228,152.8432751464844,146.00186782836914,141.03361743927002
2024-02-07,73.25586220838629,A,170.45123291015625,166.705419921875,163.48553466796875,161.39884490966796,153.5799868774414,146.23913848876953,141.18089107513427
2024-02-08,75.61216350353762,A,170.23696899414062,168.10791015625,164.4263717651367,162.0104866027832,154.23735656738282,146.47598587036134,141.3360207748413
2024-02-09,77.16993035695381,A,169.5454559326172,169.16172485351564,165.36915740966796,162.57927398681642,154.86121520996093,146.71250869750978,141.48452823638917
2024-02-12,76.8726116465052,A,168.56178283691406,169.51429748535156,166.26129608154298,163.09887771606446,155.45112243652343,146.92095123291017,141.6308569717407
2024-02-13,75.76412784644006,A,168.7760467529297,169.51429748535156,167.0764953613281,163.67399673461915,156.03721130371093,147.13860443115234,141.78118556976318
2024-02-14,73.86042019651411,A,169.87660217285156,169.3993713378906,168.05239562988282,164.27687225341796,156.61038787841798,147.3747135925293,141.93895351409913
2024-02-15,73.14328272562128,A,171.99008178710938,169.74999389648437,168.9289520263672,164.92406311035157,157.19515563964845,147.6403630065918,142.10648601531983
2024-02-16,73.19330531059656,A,172.86663818359375,170.4142303466797,169.78797760009766,165.54349670410156,157.77217834472657,147.94524810791015,142.27575618743896
2024-02-19,73.87036919141194,A,172.86663818359375,171.27520141601562,170.3947494506836,166.13273696899415,158.3113833618164,148.25787017822265,142.4476714706421
2024-02-20,73.61429728939176,A,171.1719512939453,171.75438232421874,170.63433990478515,166.53449096679688,158.77810546875,148.56137786865236,142.62670078277588
2024-02-21,72.71520857079545,A,170.57785034179688,171.8946319580078,170.64700164794922,167.06626815795897,159.21249328613283,148.85646102905272,142.80247623443603
2024-02-22,71.64015050309399,A,172.1459197998047,171.92579956054686,170.83789672851563,167.63213424682618,159.66705139160158,149.16951736450196,142.985666847229
2024-02-23,70.7950879647033,A,173.45101928710938,172.04267578125,171.22845306396485,168.2988052368164,160.16391937255858,149.48807891845703,143.1674946975708
2024-02-26,70.62679552278598,A,174.15225219726562,172.29979858398437,171.7875,169.02439804077147,160.68677429199218,149.80534255981445,143.35382068634033
2024-02-27,71.87222535993432,A,174.3275604248047,172.93092041015626,172.3426513671875,169.7095733642578,161.20966217041016,150.12646072387696,143.5522650527954
2024-02-28,73.23530087506376,A,173.3633575439453,173.48802185058594,172.6913269042969,170.37186126708986,161.75011932373047,150.43363876342772,143.7523596572876
2024-02-29,72.74174041266421,A,171.4641571044922,173.35166931152344,172.63873443603515,170.78384323120116,162.23522735595702,150.7175798034668,143.95490879058838
2024-03-01,72.54446003249241,A,174.24964904785156,173.5113952636719,172.77703552246095,171.2825065612793,162.73070251464844,151.03265579223634,144.17639225006104
2024-03-04,70.80138454642001,A,172.43809509277344,173.16856384277344,172.73418121337892,171.56446533203126,163.18994659423828,151.33665893554686,144.3888179397583
2024-03-05,69.66056428939409,A,174.49314880371094,173.2016815185547,173.06630096435546,171.8503204345703,163.69646606445312,151.64240036010742,144.61680919647216
2024-03-06,69.64731197609744,A,176.34364318847656,173.79773864746093,173.64288024902345,172.14494094848632,164.23497863769532,151.9656817626953,144.84687328338623
2024-03-07,71.37431213469134,A,175.86642456054688,174.67819213867188,174.01493072509766,172.42641372680663,164.76645538330078,152.32046493530274,145.0959014892578
2024-03-08,70.86428220121125,A,174.19122314453125,174.6665069580078,174.08895111083984,172.65870208740233,165.26018341064454,152.65164657592774,145.32035194396974
2024-03-11,72.10297223321503,A,174.95089721679688,175.1690673828125,174.16881561279297,172.9781578063965,165.7691049194336,153.00489593505858,145.54864807128905
2024-03-12,72.42020078127955,A,176.20729064941406,175.51189575195312,174.3567886352539,173.3497200012207,166.20957458496093,153.35546630859375,145.78998081207274
2024-03-13,71.16403693021637,A,175.17491149902344,175.2781494140625,174.5379440307617,173.6146354675293,166.61704803466796,153.7058427429199,146.02109745025635
2024-03-14,70.27288298005026,A,176.48001098632812,175.40086669921874,175.0395294189453,173.83913192749023,167.03132873535156,154.06984893798827,146.25335483551027
2024-03-15,69.39065066733887,A,173.24649047851562,175.21192016601563,174.93921356201173,173.85812454223634,167.36781890869142,154.4620088195801,146.46689403533935
2024-03-18,68.12585846092402,A,173.84060668945312,174.98986206054687,175.0794647216797,173.9068229675293,167.7298907470703,154.83155395507814,146.6855292892456
2024-03-19,67.10334955179982,A,174.98011779785156,174.7444274902344,175.12816162109374,174.09723129272462,168.09777374267577,155.21934371948242,146.90712253570555
2024-03-20,65.21245837545058,A,171.67840576171875,174.04512634277344,174.66163787841796,174.1522590637207,168.34984191894532,155.561671295166,147.12203205108642
2024-03-21,63.0528837861087,P,172.87637329101562,173.32439880371095,174.36263275146484,174.18878173828125,168.6472866821289,155.90835708618164,147.34453739166258
2024-03-22,63.18224883594681,P,173.8016357421875,173.4354278564453,174.32367401123048,174.20631256103516,168.9599252319336,156.28204681396485,147.55867938995362
2024-03-25,62.8611149914859,P,173.87954711914062,173.4432159423828,174.21653900146484,174.19267730712892,169.27412200927733,156.6586378479004,147.7732109451294
2024-03-26,62.34447131144943,P,174.52235412597656,173.3516632080078,174.04804534912108,174.2024169921875,169.61909576416016,157.03239547729493,147.994829826355
2024-03-27,64.60062158122611,A,175.6521453857422,174.1464111328125,174.09576873779298,174.31685638427734,169.9757568359375,157.41870513916015,148.22663219451906
2024-03-28,67.22835895116488,A,177.3565673828125,175.04244995117188,174.1834243774414,174.61147689819336,170.341962890625,157.86055221557618,148.46435871124268
2024-03-29,68.89195830778091,A,177.3565673828125,175.75343627929686,174.59443206787108,174.7668228149414,170.67953491210938,158.2970928955078,148.70912326812743
2024-04-01,70.20247961273647,A,176.05145263671875,176.1878173828125,174.81551666259764,174.94749069213867,170.9789273071289,158.72010009765626,148.9519441986084
2024-04-02,71.08498910333795,A,175.98329162597656,176.4800048828125,174.91583404541015,175.02199783325196,171.2358557128906,159.1480210876465,149.20552436828612
2024-04-03,69.55108734225584,A,172.7108154296875,175.89173889160156,175.01907501220703,174.8403564453125,171.4912258911133,159.54765502929686,149.44316730499267
2024-04-04,62.72192170986136,P,163.5264434814453,173.12571411132814,174.08408203125,174.2233573913574,171.54518280029296,159.84888519287108,149.63148754119874
2024-04-05,56.899777420268066,P,165.57174682617188,170.76875,173.26109313964844,173.79238357543946,171.65426574707033,160.17037551879883,149.82294902801513
2024-04-08,51.641395829638185,P,165.37696838378906,168.63385314941405,172.41083526611328,173.31368713378907,171.7689971923828,160.48982147216796,150.0121141052246
2024-04-09,46.70584625238331,P,165.70809936523438,166.5788146972656,171.52940979003907,172.7887275695801,171.87067810058593,160.8085269165039,150.2029348373413
2024-04-10,42.894359841480316,P,164.6269989013672,164.96205139160156,170.42689514160156,172.26133193969727,171.9608660888672,161.11892959594726,150.37602161407472
2024-04-11,43.854669243019934,P,163.15634155273438,164.88803100585938,169.00687255859376,171.59514846801758,171.95950256347658,161.4146257019043,150.54350284576415
2024-04-12,42.1865827943745,P,159.52890014648438,163.67946166992186,167.22410583496094,170.909268951416,171.86455291748047,161.67211791992187,150.7011130142212
2024-04-15,40.202226006336694,P,158.9292449951172,162.3899169921875,165.5118850708008,170.16370086669923,171.70715942382813,161.91956176757813,150.86049549102782
2024-04-16,38.44734155073482,P,159.78448486328125,161.20519409179687,163.89200439453126,169.4039192199707,171.52732818603516,162.18530166625976,151.01905292510986
2024-04-17,38.23898658369226,P,161.4654998779297,160.57289428710936,162.76747283935546,168.89327392578124,171.3476135253906,162.463800201416,151.1888022994995
2024-04-18,38.932591275615685,P,161.86854553222656,160.31533508300782,162.6016830444336,168.3428825378418,171.18024505615233,162.7088008117676,151.36013710021973
2024-04-19,42.21733024350609,P,163.58888244628906,161.12733154296876,162.4033966064453,167.83224487304688,171.0611135864258,162.96116439819335,151.52851608276367
2024-04-22,46.60197014775249,P,165.04379272460938,162.3502410888672,162.37007904052734,167.3904571533203,170.99075378417967,163.22093811035157,151.70980499267577
2024-04-23,51.271221999025805,P,166.6658172607422,163.72650756835938,162.46585083007812,166.99763031005858,170.94854919433592,163.49288024902344,151.89084632873536
2024-04-24,53.36132261492701,P,164.955322265625,164.42447204589843,162.4986831665039,166.46278915405273,170.8501235961914,163.73025573730467,152.05808166503905
2024-04-25,53.75913405651472,A,164.45396423339844,164.94155578613282,162.62844543457032,165.81765899658203,170.6994012451172,163.9472784423828,152.20127098083495
2024-04-26,49.794674841432226,P,156.9139862060547,163.60657653808593,162.36695404052733,164.79552993774413,170.3803482055664,164.0762632751465,152.2993578338623
2024-04-29,45.75438373375008,P,158.7817840576172,162.3541748046875,162.35220794677736,163.93204650878906,170.09865112304686,164.20501724243164,152.40945823669435
2024-04-30,41.534074962154385,P,159.88279724121094,160.99757080078126,162.3620391845703,163.12702178955078,169.87286804199218,164.3254867553711,152.53246635437011
2024-05-01,38.363753124188996,P,158.9783935546875,159.80218505859375,162.1133285522461,162.44040069580078,169.64087890625,164.42668609619142,152.64966293334962
2024-05-02,35.77354587956678,P,158.0838165283203,158.5281555175781,161.73485565185547,162.16826934814452,169.35963684082031,164.51334411621093,152.72919425964355
2024-05-03,38.567870868089976,P,161.01329040527344,159.34801635742187,161.4772964477539,161.94034652709962,169.11088226318358,164.63740081787108,152.81382133483888
2024-05-06,39.78269124812824,P,159.97125244140625,159.58591003417968,160.97004241943358,161.67006072998046,168.82726226806642,164.75701828002929,152.89930351257325
2024-05-07,40.334890113551204,P,159.79432678222656,159.5682159423828,160.28289337158202,161.37437210083007,168.53659759521486,164.8731298828125,152.9888680267334
2024-05-08,40.54569062259326,P,157.72991943359375,159.31852111816406,159.56035308837892,161.0295181274414,168.22392883300782,164.98702407836913,153.06409866333007
2024-05-09,41.135459567597714,P,157.68075561523438,159.23790893554687,158.8830322265625,160.7557388305664,167.94826080322267,165.09174407958983,153.14065948486328
2024-05-10,40.39399026629634,P,158.0248260498047,158.6402160644531,158.9941162109375,160.68053512573243,167.6237643432617,165.17723342895508,153.2252449798584
2024-05-13,40.72201754716163,P,158.5458526611328,158.35513610839843,158.97052307128905,160.6613655090332,167.3459194946289,165.2679330444336,153.30001831054688
2024-05-14,41.364906862915554,P,158.8505859375,158.16638793945313,158.86730194091797,160.61467056274415,167.0330682373047,165.36476715087892,153.37970611572266
2024-05-15,43.53851543986142,P,161.01329040527344,158.82306213378905,159.07079162597657,160.59206008911133,166.72646118164062,165.48071990966798,153.46471519470214
2024-05-16,45.69016426585693,A,161.56381225585938,159.59967346191405,159.41879119873047,160.57682342529296,166.44040893554688,165.60343215942382,153.54927703857422
2024-05-17,47.739911798471745,A,163.59872436523438,160.714453125,159.67733459472657,160.57731552124022,166.22855895996094,165.74437118530273,153.64047927856444
2024-05-20,48.59710569740221,A,161.77023315429688,161.3593292236328,159.85723266601562,160.41363754272462,165.96494567871093,165.86702529907225,153.72210929870604
2024-05-21,48.40141744398979,A,160.16787719726562,161.62278747558594,159.89458770751952,160.08874053955077,165.64415740966797,165.92686599731445,153.79644393920898
2024-05-22,45.740721146936174,A,156.90415954589844,160.80096130371095,159.81201171875,159.68618240356446,165.27874237060547,165.94789520263672,153.85718223571777
2024-05-23,42.06658764703908,A,155.57704162597656,159.60360717773438,159.6016403198242,159.24233627319336,164.86068298339845,165.946005859375,153.91859199523927
2024-05-24,37.76781832086626,P,154.3973846435547,157.76333923339843,159.23889617919923,159.11650619506835,164.48370086669922,165.9257598876953,153.97353034973145
2024-05-27,34.474966771671085,P,154.3973846435547,156.28876953125,158.8240493774414,158.89728622436525,164.09483642578124,165.91236358642578,154.0283731842041
2024-05-28,31.63378307614579,B,152.70654296875,154.79650268554687,158.20964508056642,158.5384735107422,163.6493649291992,165.8735693359375,154.08393157958983
2024-05-29,30.353801771313854,B,152.16586303710938,153.84884338378907,157.32490234375,158.19784698486328,163.25911407470704,165.80447799682617,154.14232643127443
2024-05-30,30.63763596595203,B,153.6601104736328,153.4654571533203,156.53453216552734,157.9766616821289,162.87478881835938,165.76103775024413,154.21034172058106
2024-05-31,32.91807369247905,B,158.50653076171875,154.28728637695312,156.0253128051758,157.85132369995117,162.56888671875,165.7644059753418,154.30230255126952
2024-06-03,34.912987148091396,B,157.47433471679688,154.90267639160157,155.5957229614258,157.7264778137207,162.24078247070312,165.75745223999024,154.38556831359864
2024-06-04,38.8762546410722,B,159.3912811279297,156.2396240234375,155.5180633544922,157.70632553100586,161.9381610107422,165.77862838745116,154.4776545715332
2024-06-05,44.59597895192538,P,162.6353302001953,158.3335174560547,156.09118041992187,157.95159606933595,161.67782470703125,165.82679077148438,154.58247467041016
2024-06-06,50.67715478790177,A,165.71226501464844,160.74394836425782,157.10470275878907,158.35317153930663,161.44493865966797,165.89345077514648,154.70917465209962
2024-06-07,54.58095925234758,A,166.5478515625,162.35221252441406,158.3197494506836,158.7793228149414,161.22876434326173,165.95414962768555,154.83413063049318
2024-06-10,59.330336049116795,A,167.5702362060547,164.37139282226562,159.63703460693358,159.2305419921875,161.05914001464845,166.01903366088868,154.9641985321045
2024-06-11,61.44461378942383,A,164.8570098876953,165.46453857421875,160.85208129882812,159.53086318969727,160.8366143798828,166.0362350463867,155.09072944641113
2024-06-12,60.68075950007335,A,163.27430725097656,165.592333984375,161.96292572021486,159.64391403198243,160.6478842163086,166.06955505371093,155.2116870880127
2024-06-13,58.607553095868695,A,163.73634338378906,165.19714965820313,162.97054901123047,159.7525405883789,160.65208221435546,166.09863250732423,155.3191944885254
2024-06-14,56.8949640034103,A,165.73191833496094,165.03396301269532,163.69308776855468,159.85920028686525,160.65528564453126,166.1547756958008,155.43615440368652
2024-06-17,55.19220114948572,A,166.80343627929688,164.88060302734374,164.6259979248047,160.11086044311523,160.6838150024414,166.2264060974121,155.55837646484375
2024-06-18,55.831478847900975,A,168.45497131347656,165.6001953125,165.53236694335936,160.52521514892578,160.73875244140626,166.3047152709961,155.68775772094727
2024-06-19,57.57140114852405,A,168.45497131347656,166.636328125,166.1143310546875,161.10275573730468,160.81531188964843,166.38808898925782,155.80811264038087
2024-06-20,59.30921147026758,A,169.2119140625,167.7314422607422,166.46429595947265,161.78449935913085,160.93642333984374,166.44796295166014,155.92040809631348
2024-06-21,60.15404623451385,A,167.50140380859375,168.08533935546876,166.55965118408204,162.4397003173828,161.09587341308594,166.4802131652832,156.03141036987304
2024-06-24,61.030150452739115,A,169.8115692138672,168.6869659423828,166.78378448486328,163.21040954589844,161.31351989746094,166.51033966064452,156.14527130126953
2024-06-25,60.09546827395376,A,167.8553009033203,168.56703186035156,167.08361358642577,163.96784744262695,161.47493621826172,166.50113220214843,156.25150001525878
2024-06-26,59.22357359480471,A,168.24851989746094,168.52574157714844,167.5810348510742,164.77198028564453,161.61059661865235,166.4791050720215,156.3591217803955
2024-06-27,57.18992751223854,A,166.12515258789062,167.90838928222655,167.81991577148438,165.3952323913574,161.69572875976561,166.437986907959,156.45698638916016
2024-06-28,56.7450155081607,A,168.6122589111328,168.13056030273438,168.10794982910156,165.90051879882813,161.7961962890625,166.42865493774414,156.57058181762696
2024-07-01,54.67569446862617,A,167.48175048828125,167.6645965576172,168.17578125,166.40088958740233,161.84495544433594,166.4178546142578,156.669402923584
2024-07-02,51.346448892070434,A,163.14651489257812,166.72283935546875,167.64493560791016,166.58865127563476,161.77456939697265,166.3615592956543,156.75008186340332
2024-07-03,46.625022542447,P,161.06243896484375,165.2856231689453,166.9056823730469,166.5100067138672,161.69671173095702,166.2734176635742,156.82406562805176
2024-07-04,43.09042790952537,B,161.06243896484375,164.27308044433593,166.09073486328126,166.27751541137695,161.62888122558593,166.16414123535156,156.90225212097167
2024-07-05,40.58359007669475,B,164.41464233398438,163.43355712890624,165.7820587158203,166.17085494995118,161.77889434814452,166.07962127685548,157.0124346923828
2024-07-08,38.4929180739139,P,163.697021484375,162.676611328125,165.17060394287108,165.9771942138672,161.87719909667967,165.98792510986328,157.12289764404298
2024-07-09,40.22375086567627,P,165.20108032226562,163.0875244140625,164.90518188476562,165.9943977355957,161.9835647583008,165.92821640014648,157.24479713439942
2024-07-10,43.60891176661508,P,165.28956604003906,163.93294982910157,164.60928649902343,166.09516067504882,162.1097882080078,165.8753335571289,157.36589729309082
2024-07-11,48.00684132297703,P,167.02955627441406,165.12637329101562,164.6997268676758,166.25982131958008,162.28870300292968,165.824169921875,157.49684364318847
2024-07-12,49.67505090623834,A,167.3932647705078,165.72209777832032,164.57782745361328,166.34288864135743,162.4163024902344,165.76359237670897,157.62583564758302
2024-07-15,51.70878326954644,A,166.69882202148438,166.32245788574218,164.4995346069336,166.3376579284668,162.55085388183593,165.68905807495116,157.7472003173828
2024-07-16,52.647828313389056,A,167.8595428466797,166.854150390625,164.97083740234376,166.30788650512696,162.712158203125,165.62437789916993,157.87541931152344
2024-07-17,56.181830161012094,A,173.8814697265625,168.5725311279297,166.25274047851562,166.57921142578124,163.03518920898438,165.62955902099608,158.03159889221192
2024-07-18,56.66093276383119,A,169.7841796875,169.1234558105469,167.12491455078126,166.60782470703126,163.27725769042968,165.61275924682616,158.1651695251465
2024-07-19,58.23932750398359,A,170.954833984375,169.8357696533203,167.7789337158203,166.7804962158203,163.5358578491211,165.5798110961914,158.30623344421386
2024-07-22,60.65553719214433,A,172.234619140625,170.94292907714845,168.6326934814453,166.9016487121582,163.80963317871092,165.57777633666993,158.4572176361084
2024-07-23,61.88124678884381,A,171.7782440185547,171.72666931152344,169.29040985107423,167.09779586791993,164.06818634033203,165.55062728881836,158.5965138244629
2024-07-24,60.338974475457285,A,174.81402587890625,171.91318054199218,170.24285583496095,167.4260711669922,164.3442010498047,165.53533111572267,158.75050643920898
2024-07-25,64.26319482860787,A,180.72679138183597,174.10170288085936,171.61257934570312,168.15615310668946,164.7274606323242,165.58393478393555,158.95219985961913
2024-07-26,68.92982298266115,A,183.693115234375,176.64935913085938,173.24256439208983,168.91019592285156,165.12934844970704,165.678953704834,159.16530014038085
2024-07-29,71.60130822305467,A,180.4986267089844,178.30216064453126,174.62254486083984,169.56103973388673,165.50391632080078,165.73443099975586,159.36966346740724
2024-07-30,77.25605631632453,A,185.3002777099609,181.0065673828125,176.36661834716796,170.66872787475586,166.00656433105468,165.82536087036132,159.59041358947755
2024-07-31,81.33658657761137,A,183.8518524169922,182.8141326904297,177.36365661621093,171.80819854736328,166.54551818847656,165.912130279541,159.80898651123047
2024-08-01,83.63808639206587,A,188.20706176757807,184.31018676757813,179.20594482421876,173.1654296875,167.1981185913086,166.02940078735352,160.0496248626709
2024-08-02,84.50834320114573,A,187.79039001464844,185.1296417236328,180.8895004272461,174.3342170715332,167.86597869873046,166.17483978271486,160.31842430114747
2024-08-05,84.73566861157111,A,182.89944458007807,185.60980529785155,181.95598297119142,175.29433822631833,168.43601989746094,166.2654281616211,160.5484910583496
2024-08-06,82.46934807014709,A,184.2387542724609,185.39750061035153,183.20203399658203,176.2462219238281,169.06666412353516,166.35801452636719,160.7886791229248
2024-08-07,82.291228197602,A,186.0244903564453,185.83202819824217,184.32308044433594,177.2829681396484,169.74383666992188,166.50147537231445,161.03157333374023
2024-08-08,80.31759197084318,A,188.8915863037109,185.96893310546872,185.13955993652343,178.37606964111325,170.44846618652343,166.6616275024414,161.28499229431154
2024-08-09,78.16784662988314,A,188.42530822753903,186.09591674804682,185.61277923583984,179.42767181396482,171.04684173583985,166.8078642272949,161.54495552062988
2024-08-12,79.23938063638411,A,188.6733245849609,187.25069274902341,186.43024902343748,180.52639694213866,171.67082153320314,166.95580200195312,161.80721992492676
2024-08-13,79.90932315465616,A,189.7150115966797,188.34594421386717,186.87172241210936,181.61917037963866,172.27729614257814,167.10772857666015,162.07006202697755
2024-08-14,79.77294845635002,A,191.4709930419922,189.43524475097655,187.63363647460935,182.49864654541014,172.85400939941405,167.26591705322267,162.3423110961914
2024-08-15,79.40450957773116,A,191.86782836914065,190.0304931640625,187.9997131347656,183.60282897949216,173.3771206665039,167.41102966308594,162.63579093933106
2024-08-16,79.92962023715016,A,192.3638610839844,190.81820373535157,188.45706024169922,184.67328033447262,173.89344085693358,167.56110260009766,162.92909774780273
2024-08-19,80.92481256065253,A,195.31033325195312,192.14560546875003,189.69814910888672,185.82706604003903,174.44824279785155,167.75369140625,163.2368957519531
2024-08-20,81.98161662901101,A,194.59603881835935,193.12181091308594,190.73387756347657,186.96795578002929,175.04302337646484,167.93981887817384,163.54391998291015
2024-08-21,82.78054502873438,A,194.97303771972656,193.8222198486328,191.62873229980468,187.97590637207028,175.67699798583985,168.16244110107422,163.85504806518554
2024-08-22,83.47757467815023,A,194.81430053710935,194.41151428222656,192.22100372314452,188.68028182983397,176.29855712890625,168.47531967163087,164.16210243225098
2024-08-23,84.08294011758564,A,195.9849548339844,195.13573303222657,192.97696838378906,189.29487380981442,176.90361785888672,168.779451751709,164.4749136352539
2024-08-26,82.70046559733294,A,195.87582397460935,195.2488311767578,193.6972183227539,190.06373367309567,177.48506561279297,169.0844403076172,164.78713088989258
2024-08-27,80.53245448797966,A,194.36785888671875,195.20319519042968,194.16250305175782,190.51711273193357,178.00332336425782,169.37103790283203,165.08978240966798
2024-08-28,78.31367062886676,A,193.8519744873047,194.9789825439453,194.40060119628907,191.0171188354492,178.51126342773438,169.66328765869142,165.39110862731934
2024-08-29,76.19720655437634,A,193.6337127685547,194.74286499023438,194.57718963623046,191.28845138549804,178.99969940185548,169.9680613708496,165.69134353637696
2024-08-30,74.56558910275236,A,194.75477600097656,194.4968292236328,194.81628112792967,191.63667068481442,179.54476684570312,170.32032012939453,165.99621902465822
2024-09-02,73.19849392697625,A,194.75477600097656,194.27261962890626,194.760725402832,192.22943725585938,180.04363098144532,170.6785754394531,166.29906860351562
2024-09-03,73.92262209221124,A,196.12384033203125,194.62381591796876,194.91350555419922,192.82369155883788,180.60900177001952,171.04196899414063,166.6136353302002
2024-09-04,74.42344087442025,A,195.44921875,194.94326477050782,194.96112365722655,193.29492797851563,181.1530157470703,171.38180618286134,166.92280319213867
2024-09-05,73.26360704730742,A,191.3321075439453,194.48294372558593,194.61290435791017,193.41695404052734,181.65715484619142,171.6764418029785,167.19262130737306
2024-09-06,71.29261471950458,P,191.86782836914065,193.90555419921876,194.2011917114258,193.5890800476074,182.12226623535156,171.95923126220703,167.4601978302002
2024-09-09,70.66724565811924,P,194.8639068603516,193.92738037109376,194.10000000000002,193.89860916137695,182.66990936279296,172.25743240356445,167.739185256958
2024-09-10,70.48763281327885,P,197.77069091796875,194.25675048828128,194.44028320312503,194.3013931274414,183.36239288330077,172.56848114013673,168.03068069458007
2024-09-11,68.81219562655131,P,193.04840087890625,193.77658691406253,194.35992584228518,194.3802635192871,184.00211212158203,172.84941192626954,168.28983383178712
2024-09-12,69.49812731827117,P,192.48292541503903,194.00675048828126,194.2448471069336,194.41101837158203,184.63052185058595,173.12970153808592,168.53848999023438
2024-09-13,70.3761269077957,A,192.67141723632807,194.16746826171874,194.03651123046876,194.42639617919923,185.1956573486328,173.48727584838866,168.7817695617676
2024-09-16,69.85644485701793,A,194.1793670654297,194.03056030273436,193.97897033691407,194.36984786987304,185.8053042602539,173.8412516784668,169.02313446044923
2024-09-17,66.26478142559354,P,191.9174346923828,192.85990905761716,193.5583297729492,194.2359176635742,186.33963134765625,174.16159805297852,169.2435424041748
2024-09-18,65.14844628395547,P,191.41146850585935,192.5325225830078,193.15455474853516,194.05783920288087,186.86206939697266,174.48592880249024,169.4563074493408
2024-09-19,64.50350144216868,P,192.0860748291016,192.45315246582032,193.22995147705078,193.92142791748046,187.3631997680664,174.82595138549806,169.6696477508545
2024-09-20,63.556321275074914,P,191.9372711181641,192.3063232421875,193.2368957519531,193.71904373168945,187.85407989501954,175.13519119262696,169.88629600524902
2024-09-23,62.44451131176957,P,192.2944183349609,191.92933349609376,192.97994689941405,193.53997344970702,188.36599182128907,175.4584228515625,170.1077205657959
2024-09-24,62.979323475814134,P,191.9769592285156,191.9412384033203,192.40057373046872,193.42042846679686,188.8483401489258,175.7802491760254,170.32668952941896
2024-09-25,62.466399065591325,P,189.74478149414065,191.60790100097657,192.07021179199216,193.21506881713867,189.16560638427734,176.10039779663086,170.5437109375
2024-09-26,61.67455053856736,P,190.37969970703125,191.2666259765625,191.8598892211914,193.0523681640625,189.57751678466798,176.42738723754883,170.75956565856933
2024-09-27,62.2852269834853,P,193.24681091308597,191.52853393554688,191.91742858886718,192.97696990966796,190.02335632324218,176.77960708618164,170.97842025756836
2024-09-30,64.05133331281502,P,195.91549682617188,192.25274963378905,192.0910415649414,193.03500595092774,190.49697387695312,177.15330352783204,171.2106182861328
2024-10-01,65.84747027630421,A,195.39962768554688,192.93728332519532,192.43926086425782,192.99879531860353,190.96940155029296,177.5187939453125,171.4417805480957
2024-10-02,68.31595208608066,A,195.2607421875,194.04047546386718,192.82418823242188,192.9893714904785,191.37833587646483,177.86126846313476,171.67099418640137
2024-10-03,69.52996543555925,A,193.90158081054688,194.7448516845703,193.0057388305664,193.1178451538086,191.64183166503906,178.18464614868165,171.89403915405273
2024-10-04,68.49092826740132,A,192.7507781982422,194.64564514160156,193.08708953857422,193.16199264526367,191.82298492431642,178.47616668701173,172.11026893615724
2024-10-07,65.84117714030883,A,192.076171875,193.87778015136718,193.0652648925781,193.0226058959961,192.05453582763673,178.77922607421874,172.3231256866455
2024-10-08,62.46726918905057,A,191.4809112548828,193.0940368652344,193.01566009521486,192.7081169128418,192.17814849853517,179.09235641479492,172.5096112060547
2024-10-09,60.60074130898056,P,193.20713806152344,192.68331604003907,193.3618957519531,192.71605377197267,192.3652542114258,179.45538619995116,172.70164070129394
2024-10-10,59.29899290777657,P,192.810302734375,192.46506042480468,193.6049560546875,192.73242263793946,192.4573190307617,179.82771881103517,172.88686233520508
2024-10-11,59.028372522682446,P,192.6515655517578,192.44521789550782,193.5454315185547,192.73143005371094,192.5545425415039,180.2102606201172,173.06801025390624
2024-10-14,60.106030181626274,P,194.09999084472656,192.84998168945313,193.36388092041017,192.7274612426758,192.77855346679686,180.60728668212892,173.25982513427735
2024-10-15,61.20949539015883,P,191.8600006103516,192.92579956054686,193.00991821289062,192.7245895385742,192.93097839355468,180.99882125854492,173.4361952972412
2024-10-16,59.72936550045696,P,190.4600067138672,192.37637329101562,192.52984466552735,192.6770164489746,193.01968872070313,181.3817626953125,173.59312034606933
2024-10-17,57.58424439787348,P,188.57000732421875,191.52831420898437,191.99668731689454,192.50121307373047,193.0132571411133,181.73086166381836,173.74594970703126
2024-10-18,55.705175213770026,P,188.8600006103516,190.77000122070314,191.60760955810548,192.34734954833985,193.02195098876953,182.03439636230468,173.89940116882323
2024-10-21,51.988659439759395,P,186.5399932861328,189.2580017089844,191.05399169921878,192.05962829589845,192.97928436279298,182.32505294799805,174.04125259399413
2024-10-22,50.313218163189696,P,188.75999450683597,188.63800048828125,190.78190002441409,191.89878005981444,192.96018402099608,182.6187400817871,174.19868423461915
2024-10-23,49.16684998602719,P,187.8800048828125,188.12200012207032,190.249186706543,191.80554122924804,192.8883642578125,182.87118682861328,174.34898880004883
2024-10-24,49.77161761726501,P,189.6499938964844,188.33799743652344,189.93315582275392,191.7690559387207,192.8440075683594,183.11056411743164,174.50200744628907
2024-10-25,49.099986986466064,P,187.8500061035156,188.13599853515626,189.4529998779297,191.49921569824218,192.75373046875,183.3235856628418,174.63886764526367
2024-10-28,50.18254606474658,P,189.67999267578125,188.76399841308594,189.0110000610352,191.18744049072265,192.64112365722656,183.54468322753905,174.78185844421387
2024-10-29,49.89492150845367,P,189.4499969482422,188.9019989013672,188.7699996948242,190.88995895385742,192.53820281982422,183.79061309814452,174.91342407226563
2024-10-30,55.99101347085614,P,201.5,191.6259979248047,189.8739990234375,191.20192184448243,192.66874206542968,184.17287002563478,175.12121253967285
2024-10-31,62.313868979704274,A,203.8699951171875,194.46999816894532,191.40399780273438,191.70034255981446,192.84985595703125,184.57420654296874,175.33641952514648
2024-11-01,69.86179336328249,A,203.5500030517578,197.60999755859376,192.872998046875,192.24030380249025,193.00115692138672,184.95238739013672,175.55358154296874
